<?xml version="1.0" encoding="utf-8"?>
<COLLADA xmlns="http://www.collada.org/2005/11/COLLADASchema" version="1.4.1">
  <asset>
    <contributor>
      <author>Mixamo</author>
      <authoring_tool>COLLADA Mixamo exporter</authoring_tool>
      <comments/>
    </contributor>
    <created>2021-12-15T18:00:17Z</created>
    <modified>2021-12-15T18:00:17Z</modified>
    <revision/>
    <title/>
    <unit meter="0.010000"/>
    <up_axis>Y_UP</up_axis>
  </asset>
  <library_animations>
    <animation id="Armature-anim" name="Armature">
      <source id="Armature-Matrix-animation-input">
        <float_array id="Armature-Matrix-animation-input-array" count="59">

0.000000 0.033333 0.066667 0.100000 0.133333 0.166667 0.200000 0.233333 0.266667 0.300000 0.333333 0.366667 0.400000 0.433333 0.466667 0.500000
0.533333 0.566667 0.600000 0.633333 0.666667 0.700000 0.733333 0.766667 0.800000 0.833333 0.866667 0.900000 0.933333 0.966667 1.000000 1.033333
1.066667 1.100000 1.133333 1.166667 1.200000 1.233333 1.266667 1.300000 1.333333 1.366667 1.400000 1.433333 1.466667 1.500000 1.533333 1.566667
1.600000 1.633333 1.666667 1.700000 1.733333 1.766667 1.800000 1.833333 1.866667 1.900000 1.933333</float_array>
        <technique_common>
          <accessor source="#Armature-Matrix-animation-input-array" count="59">
            <param name="TIME" type="float"/>
          </accessor>
        </technique_common>
      </source>
      <source id="Armature-Matrix-animation-output-transform">
        <float_array id="Armature-Matrix-animation-output-transform-array" count="944">

73.042326 68.105405 5.145130 -1.030680 0.209761 -7.756845 99.698482 -5.893311 68.299155 -72.811298 -5.808638 0.705315 0.000000 0.000000 0.000000 1.000000
73.011965 68.136089 5.169759 -1.040125 0.210091 -7.789458 99.695939 -5.884720 68.331610 -72.779102 -5.830384 0.716835 0.000000 0.000000 0.000000 1.000000
72.990487 68.157492 5.190869 -1.045844 0.210434 -7.818021 99.693702 -5.875763 68.354550 -72.755995 -5.849838 0.729704 0.000000 0.000000 0.000000 1.000000
72.990972 68.154301 5.225819 -1.065340 0.194514 -7.852257 99.691044 -5.865791 68.354079 -72.755297 -5.864008 0.743290 0.000000 0.000000 0.000000 1.000000
73.020012 68.120296 5.263364 -1.091302 0.173706 -7.888682 99.688207 -5.854530 68.323112 -72.783198 -5.878645 0.764702 0.000000 0.000000 0.000000 1.000000
73.071057 68.062462 5.303010 -1.124351 0.158030 -7.936459 99.684440 -5.842262 68.268555 -72.832094 -5.906814 0.806303 0.000000 0.000000 0.000000 1.000000
73.128468 67.997569 5.343950 -1.162469 0.154477 -7.999967 99.679369 -5.828316 68.207062 -72.885741 -5.955294 0.873549 0.000000 0.000000 0.000000 1.000000
73.175163 67.944018 5.385714 -1.202885 0.158209 -8.071212 99.673620 -5.810898 68.156955 -72.927813 -6.013616 0.956377 0.000000 0.000000 0.000000 1.000000
73.201728 67.912969 5.416238 -1.232899 0.165647 -8.127415 99.669041 -5.788589 68.128405 -72.950488 -6.061904 1.036748 0.000000 0.000000 0.000000 1.000000
73.206505 67.906397 5.434049 -1.249277 0.171211 -8.160139 99.666358 -5.762856 68.123258 -72.952953 -6.090016 1.105255 0.000000 0.000000 0.000000 1.000000
73.193037 67.919825 5.447627 -1.257003 0.174963 -8.182314 99.664533 -5.737946 68.137718 -72.937968 -6.107719 1.168652 0.000000 0.000000 0.000000 1.000000
73.170417 67.942344 5.470642 -1.266672 0.179407 -8.217853 99.661601 -5.718475 68.161997 -72.912994 -6.134930 1.241224 0.000000 0.000000 0.000000 1.000000
73.158932 67.951921 5.505185 -1.282798 0.189179 -8.277447 99.656651 -5.705704 68.174297 -72.897327 -6.184243 1.330742 0.000000 0.000000 0.000000 1.000000
73.181409 67.924408 5.545832 -1.307146 0.203207 -8.355082 99.650145 -5.696129 68.150129 -72.914110 -6.252394 1.432834 0.000000 0.000000 0.000000 1.000000
73.238497 67.858978 5.593010 -1.345091 0.209123 -8.438393 99.643112 -5.682907 68.088757 -72.965421 -6.322061 1.533027 0.000000 0.000000 0.000000 1.000000
73.298136 67.790878 5.637390 -1.386935 0.202718 -8.504893 99.637471 -5.661613 68.024571 -73.020981 -6.371353 1.613443 0.000000 0.000000 0.000000 1.000000
73.319238 67.765023 5.673718 -1.421769 0.183663 -8.540745 99.634442 -5.633141 68.001880 -73.040793 -6.386468 1.662642 0.000000 0.000000 0.000000 1.000000
73.290215 67.794377 5.697964 -1.441524 0.160173 -8.547164 99.633932 -5.602989 68.033218 -73.012796 -6.372823 1.685390 0.000000 0.000000 0.000000 1.000000
73.237235 67.850139 5.715431 -1.451732 0.139323 -8.543190 99.634304 -5.576538 68.090293 -72.961446 -6.351327 1.700243 0.000000 0.000000 0.000000 1.000000
73.198547 67.890410 5.732794 -1.462401 0.125080 -8.548134 99.633899 -5.556572 68.131909 -72.923396 -6.342027 1.725814 0.000000 0.000000 0.000000 1.000000
73.192500 67.896073 5.742931 -1.470227 0.122407 -8.559323 99.632941 -5.542572 68.138410 -72.916811 -6.347892 1.766411 0.000000 0.000000 0.000000 1.000000
73.212387 67.873745 5.753362 -1.482178 0.124219 -8.579294 99.631221 -5.531067 68.117039 -72.935248 -6.365418 1.820183 0.000000 0.000000 0.000000 1.000000
73.241465 67.841715 5.761034 -1.494119 0.129127 -8.599814 99.629446 -5.519508 68.085763 -72.962627 -6.386232 1.879179 0.000000 0.000000 0.000000 1.000000
73.265845 67.815598 5.758518 -1.497804 0.140527 -8.611702 99.628404 -5.507408 68.059505 -72.985500 -6.404736 1.936091 0.000000 0.000000 0.000000 1.000000
73.274816 67.806496 5.751565 -1.496613 0.152227 -8.615277 99.628078 -5.496376 68.049821 -72.993535 -6.416048 1.983117 0.000000 0.000000 0.000000 1.000000
73.266249 67.816795 5.739263 -1.489005 0.162360 -8.606884 99.628787 -5.488274 68.059022 -72.984957 -6.416048 2.012805 0.000000 0.000000 0.000000 1.000000
73.242011 67.843932 5.727891 -1.480935 0.164422 -8.589040 99.630324 -5.483070 68.085100 -72.961834 -6.402336 2.020663 0.000000 0.000000 0.000000 1.000000
73.215891 67.873441 5.712208 -1.469620 0.162005 -8.559827 99.632842 -5.479736 68.113193 -72.937819 -6.377112 2.008419 0.000000 0.000000 0.000000 1.000000
73.197555 67.894340 5.698816 -1.461598 0.152954 -8.527968 99.635588 -5.478157 68.132918 -72.922098 -6.346112 1.982385 0.000000 0.000000 0.000000 1.000000
73.185803 67.907739 5.690099 -1.457914 0.140631 -8.500387 99.637963 -5.481300 68.145569 -72.912841 -6.316576 1.950130 0.000000 0.000000 0.000000 1.000000
73.179013 67.915855 5.680558 -1.452280 0.134346 -8.478743 99.639816 -5.492676 68.152872 -72.907802 -6.295903 1.918335 0.000000 0.000000 0.000000 1.000000
73.182135 67.912734 5.677645 -1.451407 0.131810 -8.472179 99.640377 -5.512764 68.149525 -72.911472 -6.289637 1.891919 0.000000 0.000000 0.000000 1.000000
73.202972 67.889966 5.681322 -1.457143 0.129008 -8.477399 99.639937 -5.536560 68.127148 -72.932066 -6.293292 1.867865 0.000000 0.000000 0.000000 1.000000
73.236555 67.853023 5.689846 -1.469718 0.121412 -8.486334 99.639186 -5.556053 68.091059 -72.965399 -6.297480 1.840274 0.000000 0.000000 0.000000 1.000000
73.264113 67.822814 5.695236 -1.481891 0.109604 -8.485335 99.639285 -5.566025 68.061427 -72.993596 -6.291042 1.802097 0.000000 0.000000 0.000000 1.000000
73.264624 67.824070 5.673657 -1.469668 0.106677 -8.450564 99.642243 -5.568245 68.060880 -72.996463 -6.263627 1.745541 0.000000 0.000000 0.000000 1.000000
73.234133 67.859795 5.640044 -1.442936 0.107744 -8.398230 99.646666 -5.570274 68.093687 -72.969295 -6.223486 1.676990 0.000000 0.000000 0.000000 1.000000
73.193258 67.906336 5.610394 -1.415748 0.110567 -8.352261 99.650527 -5.581001 68.137616 -72.931264 -6.188374 1.610724 0.000000 0.000000 0.000000 1.000000
73.172714 67.930071 5.591007 -1.397517 0.115892 -8.326781 99.652653 -5.603638 68.159669 -72.912072 -6.171657 1.559033 0.000000 0.000000 0.000000 1.000000
73.185143 67.917613 5.579670 -1.390231 0.121504 -8.317804 99.653396 -5.633430 68.146314 -72.924701 -6.169919 1.521683 0.000000 0.000000 0.000000 1.000000
73.213629 67.888003 5.566292 -1.385532 0.129676 -8.310706 99.653978 -5.661690 68.115694 -72.953076 -6.172604 1.492034 0.000000 0.000000 0.000000 1.000000
73.227339 67.874831 5.546540 -1.376916 0.140929 -8.295586 99.655223 -5.681862 68.100932 -72.967051 -6.170293 1.462013 0.000000 0.000000 0.000000 1.000000
73.208375 67.897779 5.515926 -1.357783 0.154361 -8.262514 99.657950 -5.694122 68.121289 -72.949451 -6.153660 1.420884 0.000000 0.000000 0.000000 1.000000
73.162998 67.949253 5.484041 -1.335315 0.167394 -8.223678 99.661141 -5.703613 68.169991 -72.905899 -6.130432 1.371383 0.000000 0.000000 0.000000 1.000000
73.112498 68.005973 5.454379 -1.312712 0.178847 -8.185789 99.664241 -5.716125 68.224120 -72.857262 -6.106461 1.315445 0.000000 0.000000 0.000000 1.000000
73.076986 68.045808 5.433428 -1.296595 0.182626 -8.154479 99.666801 -5.734123 68.262148 -72.823571 -6.083316 1.253745 0.000000 0.000000 0.000000 1.000000
73.064507 68.060855 5.412746 -1.280875 0.183177 -8.123153 99.669358 -5.755890 68.275502 -72.813010 -6.059813 1.187304 0.000000 0.000000 0.000000 1.000000
73.072277 68.054350 5.389603 -1.264128 0.182611 -8.089663 99.672082 -5.777512 68.267188 -72.822818 -6.035575 1.119292 0.000000 0.000000 0.000000 1.000000
73.091653 68.035580 5.363778 -1.245752 0.183234 -8.055004 99.674888 -5.795486 68.246441 -72.844195 -6.012199 1.054375 0.000000 0.000000 0.000000 1.000000
73.111673 68.016321 5.335098 -1.223456 0.187361 -8.019967 99.677706 -5.809395 68.224982 -72.866043 -5.990968 0.996523 0.000000 0.000000 0.000000 1.000000
73.119815 68.010462 5.298079 -1.190043 0.200114 -7.980381 99.680858 -5.821800 68.216219 -72.875857 -5.971338 0.947643 0.000000 0.000000 0.000000 1.000000
73.108535 68.025311 5.263006 -1.154074 0.213706 -7.942054 99.683891 -5.834953 68.228267 -72.866185 -5.951694 0.907678 0.000000 0.000000 0.000000 1.000000
73.080750 68.056257 5.248786 -1.134138 0.213808 -7.917785 99.685821 -5.848885 68.258027 -72.839924 -5.931886 0.875548 0.000000 0.000000 0.000000 1.000000
73.048194 68.092114 5.236927 -1.116886 0.213778 -7.896251 99.687529 -5.861870 68.292867 -72.808744 -5.913635 0.849723 0.000000 0.000000 0.000000 1.000000
73.023663 68.119278 5.225754 -1.102721 0.213745 -7.876757 99.689072 -5.872574 68.319096 -72.785442 -5.897499 0.827021 0.000000 0.000000 0.000000 1.000000
73.016658 68.127885 5.211426 -1.088953 0.213772 -7.854934 99.690793 -5.880486 68.326583 -72.779745 -5.881049 0.803041 0.000000 0.000000 0.000000 1.000000
73.023800 68.121794 5.190946 -1.071757 0.213826 -7.825921 99.693075 -5.886024 68.318950 -72.788572 -5.860447 0.773958 0.000000 0.000000 0.000000 1.000000
73.037389 68.109194 5.165026 -1.049658 0.213942 -7.789810 99.695903 -5.889946 68.304422 -72.804235 -5.835188 0.739867 0.000000 0.000000 0.000000 1.000000
73.040372 68.107919 5.139595 -1.025645 0.214064 -7.753087 99.698765 -5.893440 68.301232 -72.809347 -5.808678 0.705357 0.000000 0.000000 0.000000 1.000000</float_array>
        <technique_common>
          <accessor source="#Armature-Matrix-animation-output-transform-array" count="59" stride="16">
            <param type="float4x4"/>
          </accessor>
        </technique_common>
      </source>
      <source id="Armature-Interpolations">
        <Name_array id="Armature-Interpolations-array" count="59">
 LINEAR LINEAR LINEAR LINEAR LINEAR LINEAR LINEAR LINEAR LINEAR LINEAR LINEAR
LINEAR LINEAR LINEAR LINEAR LINEAR LINEAR LINEAR LINEAR LINEAR LINEAR LINEAR LINEAR
LINEAR LINEAR LINEAR LINEAR LINEAR LINEAR LINEAR LINEAR LINEAR LINEAR LINEAR LINEAR
LINEAR LINEAR LINEAR LINEAR LINEAR LINEAR LINEAR LINEAR LINEAR LINEAR LINEAR LINEAR
LINEAR LINEAR LINEAR LINEAR LINEAR LINEAR LINEAR LINEAR LINEAR LINEAR LINEAR LINEAR</Name_array>
        <technique_common>
          <accessor source="#Armature-Interpolations-array" count="59">
            <param type="name"/>
          </accessor>
        </technique_common>
      </source>
      <sampler id="Armature-Matrix-animation-transform">
        <input semantic="INPUT" source="#Armature-Matrix-animation-input"/>
        <input semantic="OUTPUT" source="#Armature-Matrix-animation-output-transform"/>
        <input semantic="INTERPOLATION" source="#Armature-Interpolations"/>
      </sampler>
      <channel source="#Armature-Matrix-animation-transform" target="Armature/matrix"/>
    </animation>
    <animation id="Root-anim" name="Root">
      <source id="Root-Matrix-animation-input">
        <float_array id="Root-Matrix-animation-input-array" count="59">

0.000000 0.033333 0.066667 0.100000 0.133333 0.166667 0.200000 0.233333 0.266667 0.300000 0.333333 0.366667 0.400000 0.433333 0.466667 0.500000
0.533333 0.566667 0.600000 0.633333 0.666667 0.700000 0.733333 0.766667 0.800000 0.833333 0.866667 0.900000 0.933333 0.966667 1.000000 1.033333
1.066667 1.100000 1.133333 1.166667 1.200000 1.233333 1.266667 1.300000 1.333333 1.366667 1.400000 1.433333 1.466667 1.500000 1.533333 1.566667
1.600000 1.633333 1.666667 1.700000 1.733333 1.766667 1.800000 1.833333 1.866667 1.900000 1.933333</float_array>
        <technique_common>
          <accessor source="#Root-Matrix-animation-input-array" count="59">
            <param name="TIME" type="float"/>
          </accessor>
        </technique_common>
      </source>
      <source id="Root-Matrix-animation-output-transform">
        <float_array id="Root-Matrix-animation-output-transform-array" count="944">

1.000000 0.000000 -0.000000 0.000000 0.000000 0.000000 -1.000000 0.000000 -0.000000 1.000000 0.000000 0.000000 0.000000 0.000000 0.000000 1.000000
1.000000 0.000000 0.000000 0.000000 0.000000 0.000000 -1.000000 0.000000 -0.000000 1.000000 0.000000 0.000000 0.000000 0.000000 0.000000 1.000000
1.000000 0.000000 0.000000 0.000000 -0.000000 0.000000 -1.000000 0.000000 0.000000 1.000000 0.000000 0.000000 0.000000 0.000000 0.000000 1.000000
1.000000 0.000000 -0.000000 0.000000 0.000000 0.000000 -1.000000 0.000000 -0.000000 1.000000 0.000000 0.000000 0.000000 0.000000 0.000000 1.000000
1.000000 0.000000 -0.000000 0.000000 0.000000 0.000000 -1.000000 0.000000 0.000000 1.000000 0.000000 0.000000 0.000000 0.000000 0.000000 1.000000
1.000000 0.000000 0.000000 0.000000 0.000000 0.000000 -1.000000 0.000000 0.000000 1.000000 0.000000 0.000000 0.000000 0.000000 0.000000 1.000000
1.000000 -0.000000 0.000000 0.000000 0.000000 0.000000 -1.000000 0.000000 0.000000 1.000000 0.000000 0.000000 0.000000 0.000000 0.000000 1.000000
1.000000 -0.000000 0.000000 0.000000 0.000000 0.000000 -1.000000 0.000000 -0.000000 1.000000 0.000000 0.000000 0.000000 0.000000 0.000000 1.000000
1.000000 0.000000 -0.000000 0.000000 -0.000000 0.000000 -1.000000 0.000000 -0.000000 1.000000 0.000000 0.000000 0.000000 0.000000 0.000000 1.000000
1.000000 -0.000000 -0.000000 0.000000 -0.000000 0.000000 -1.000000 0.000000 0.000000 1.000000 0.000000 0.000000 0.000000 0.000000 0.000000 1.000000
1.000000 -0.000000 -0.000000 0.000000 -0.000000 0.000000 -1.000000 0.000000 0.000000 1.000000 0.000000 0.000000 0.000000 0.000000 0.000000 1.000000
1.000000 0.000000 0.000000 0.000000 0.000000 0.000000 -1.000000 0.000000 -0.000000 1.000000 0.000000 0.000000 0.000000 0.000000 0.000000 1.000000
1.000000 -0.000000 0.000000 0.000000 -0.000000 0.000000 -1.000000 0.000000 0.000000 1.000000 0.000000 0.000000 0.000000 0.000000 0.000000 1.000000
1.000000 0.000000 0.000000 0.000000 0.000000 0.000000 -1.000000 0.000000 -0.000000 1.000000 0.000000 0.000000 0.000000 0.000000 0.000000 1.000000
1.000000 0.000000 0.000000 0.000000 0.000000 0.000000 -1.000000 0.000000 -0.000000 1.000000 0.000000 0.000000 0.000000 0.000000 0.000000 1.000000
1.000000 -0.000000 -0.000000 0.000000 -0.000000 0.000000 -1.000000 0.000000 0.000000 1.000000 0.000000 0.000000 0.000000 0.000000 0.000000 1.000000
1.000000 0.000000 -0.000000 0.000000 0.000000 0.000000 -1.000000 0.000000 -0.000000 1.000000 0.000000 0.000000 0.000000 0.000000 0.000000 1.000000
1.000000 0.000000 0.000000 0.000000 0.000000 0.000000 -1.000000 0.000000 -0.000000 1.000000 0.000000 0.000000 0.000000 0.000000 0.000000 1.000000
1.000000 -0.000000 0.000000 0.000000 0.000000 0.000000 -1.000000 0.000000 0.000000 1.000000 0.000000 0.000000 0.000000 0.000000 0.000000 1.000000
1.000000 0.000000 0.000000 0.000000 0.000000 0.000000 -1.000000 0.000000 -0.000000 1.000000 0.000000 0.000000 0.000000 0.000000 0.000000 1.000000
1.000000 0.000000 -0.000000 0.000000 0.000000 0.000000 -1.000000 0.000000 0.000000 1.000000 0.000000 0.000000 0.000000 0.000000 0.000000 1.000000
1.000000 0.000000 0.000000 0.000000 0.000000 0.000000 -1.000000 0.000000 0.000000 1.000000 0.000000 0.000000 0.000000 0.000000 0.000000 1.000000
1.000000 0.000000 -0.000000 0.000000 0.000000 0.000000 -1.000000 0.000000 -0.000000 1.000000 0.000000 0.000000 0.000000 0.000000 0.000000 1.000000
1.000000 0.000000 -0.000000 0.000000 -0.000000 0.000000 -1.000000 0.000000 0.000000 1.000000 0.000000 0.000000 0.000000 0.000000 0.000000 1.000000
1.000000 -0.000000 0.000000 0.000000 -0.000000 0.000000 -1.000000 0.000000 -0.000000 1.000000 0.000000 0.000000 0.000000 0.000000 0.000000 1.000000
1.000000 -0.000000 -0.000000 0.000000 0.000000 0.000000 -1.000000 0.000000 0.000000 1.000000 0.000000 0.000000 0.000000 0.000000 0.000000 1.000000
1.000000 0.000000 0.000000 0.000000 -0.000000 0.000000 -1.000000 0.000000 0.000000 1.000000 0.000000 0.000000 0.000000 0.000000 0.000000 1.000000
1.000000 -0.000000 -0.000000 0.000000 -0.000000 0.000000 -1.000000 0.000000 0.000000 1.000000 0.000000 0.000000 0.000000 0.000000 0.000000 1.000000
1.000000 0.000000 0.000000 0.000000 0.000000 0.000000 -1.000000 0.000000 0.000000 1.000000 0.000000 0.000000 0.000000 0.000000 0.000000 1.000000
1.000000 0.000000 0.000000 0.000000 -0.000000 0.000000 -1.000000 0.000000 -0.000000 1.000000 0.000000 0.000000 0.000000 0.000000 0.000000 1.000000
1.000000 0.000000 0.000000 0.000000 0.000000 0.000000 -1.000000 0.000000 -0.000000 1.000000 0.000000 0.000000 0.000000 0.000000 0.000000 1.000000
1.000000 0.000000 0.000000 0.000000 -0.000000 0.000000 -1.000000 0.000000 -0.000000 1.000000 0.000000 0.000000 0.000000 0.000000 0.000000 1.000000
1.000000 -0.000000 0.000000 0.000000 0.000000 0.000000 -1.000000 0.000000 -0.000000 1.000000 0.000000 0.000000 0.000000 0.000000 0.000000 1.000000
1.000000 -0.000000 -0.000000 0.000000 0.000000 0.000000 -1.000000 0.000000 -0.000000 1.000000 0.000000 0.000000 0.000000 0.000000 0.000000 1.000000
1.000000 0.000000 0.000000 0.000000 -0.000000 0.000000 -1.000000 0.000000 -0.000000 1.000000 0.000000 0.000000 0.000000 0.000000 0.000000 1.000000
1.000000 -0.000000 0.000000 0.000000 -0.000000 0.000000 -1.000000 0.000000 0.000000 1.000000 0.000000 0.000000 0.000000 0.000000 0.000000 1.000000
1.000000 0.000000 -0.000000 0.000000 0.000000 0.000000 -1.000000 0.000000 0.000000 1.000000 0.000000 0.000000 0.000000 0.000000 0.000000 1.000000
1.000000 -0.000000 -0.000000 0.000000 -0.000000 0.000000 -1.000000 0.000000 0.000000 1.000000 0.000000 0.000000 0.000000 0.000000 0.000000 1.000000
1.000000 0.000000 0.000000 0.000000 0.000000 0.000000 -1.000000 0.000000 -0.000000 1.000000 0.000000 0.000000 0.000000 0.000000 0.000000 1.000000
1.000000 0.000000 0.000000 0.000000 -0.000000 0.000000 -1.000000 0.000000 0.000000 1.000000 0.000000 0.000000 0.000000 0.000000 0.000000 1.000000
1.000000 -0.000000 0.000000 0.000000 0.000000 0.000000 -1.000000 0.000000 -0.000000 1.000000 0.000000 0.000000 0.000000 0.000000 0.000000 1.000000
1.000000 -0.000000 -0.000000 0.000000 0.000000 0.000000 -1.000000 0.000000 -0.000000 1.000000 0.000000 0.000000 0.000000 0.000000 0.000000 1.000000
1.000000 -0.000000 0.000000 0.000000 0.000000 0.000000 -1.000000 0.000000 0.000000 1.000000 0.000000 0.000000 0.000000 0.000000 0.000000 1.000000
1.000000 0.000000 0.000000 0.000000 0.000000 0.000000 -1.000000 0.000000 -0.000000 1.000000 0.000000 0.000000 0.000000 0.000000 0.000000 1.000000
1.000000 0.000000 -0.000000 0.000000 -0.000000 0.000000 -1.000000 0.000000 0.000000 1.000000 0.000000 0.000000 0.000000 0.000000 0.000000 1.000000
1.000000 0.000000 0.000000 0.000000 0.000000 0.000000 -1.000000 0.000000 0.000000 1.000000 0.000000 0.000000 0.000000 0.000000 0.000000 1.000000
1.000000 -0.000000 -0.000000 0.000000 0.000000 0.000000 -1.000000 0.000000 0.000000 1.000000 0.000000 0.000000 0.000000 0.000000 0.000000 1.000000
1.000000 0.000000 0.000000 0.000000 0.000000 0.000000 -1.000000 0.000000 0.000000 1.000000 0.000000 0.000000 0.000000 0.000000 0.000000 1.000000
1.000000 0.000000 0.000000 0.000000 0.000000 0.000000 -1.000000 0.000000 0.000000 1.000000 0.000000 0.000000 0.000000 0.000000 0.000000 1.000000
1.000000 0.000000 0.000000 0.000000 -0.000000 0.000000 -1.000000 0.000000 -0.000000 1.000000 0.000000 0.000000 0.000000 0.000000 0.000000 1.000000
1.000000 0.000000 -0.000000 0.000000 -0.000000 0.000000 -1.000000 0.000000 -0.000000 1.000000 0.000000 0.000000 0.000000 0.000000 0.000000 1.000000
1.000000 0.000000 -0.000000 0.000000 0.000000 0.000000 -1.000000 0.000000 0.000000 1.000000 0.000000 0.000000 0.000000 0.000000 0.000000 1.000000
1.000000 0.000000 0.000000 0.000000 -0.000000 0.000000 -1.000000 0.000000 0.000000 1.000000 0.000000 0.000000 0.000000 0.000000 0.000000 1.000000
1.000000 -0.000000 -0.000000 0.000000 0.000000 0.000000 -1.000000 0.000000 0.000000 1.000000 0.000000 0.000000 0.000000 0.000000 0.000000 1.000000
1.000000 -0.000000 -0.000000 0.000000 0.000000 0.000000 -1.000000 0.000000 0.000000 1.000000 0.000000 0.000000 0.000000 0.000000 0.000000 1.000000
1.000000 -0.000000 -0.000000 0.000000 -0.000000 0.000000 -1.000000 0.000000 0.000000 1.000000 0.000000 0.000000 0.000000 0.000000 0.000000 1.000000
1.000000 0.000000 -0.000000 0.000000 0.000000 0.000000 -1.000000 0.000000 0.000000 1.000000 0.000000 0.000000 0.000000 0.000000 0.000000 1.000000
1.000000 0.000000 -0.000000 0.000000 -0.000000 0.000000 -1.000000 0.000000 -0.000000 1.000000 0.000000 0.000000 0.000000 0.000000 0.000000 1.000000
1.000000 0.000000 0.000000 0.000000 0.000000 0.000000 -1.000000 0.000000 -0.000000 1.000000 0.000000 0.000000 0.000000 0.000000 0.000000 1.000000</float_array>
        <technique_common>
          <accessor source="#Root-Matrix-animation-output-transform-array" count="59" stride="16">
            <param type="float4x4"/>
          </accessor>
        </technique_common>
      </source>
      <source id="Root-Interpolations">
        <Name_array id="Root-Interpolations-array" count="59">
 LINEAR LINEAR LINEAR LINEAR LINEAR LINEAR LINEAR LINEAR LINEAR LINEAR LINEAR
LINEAR LINEAR LINEAR LINEAR LINEAR LINEAR LINEAR LINEAR LINEAR LINEAR LINEAR LINEAR
LINEAR LINEAR LINEAR LINEAR LINEAR LINEAR LINEAR LINEAR LINEAR LINEAR LINEAR LINEAR
LINEAR LINEAR LINEAR LINEAR LINEAR LINEAR LINEAR LINEAR LINEAR LINEAR LINEAR LINEAR
LINEAR LINEAR LINEAR LINEAR LINEAR LINEAR LINEAR LINEAR LINEAR LINEAR LINEAR LINEAR</Name_array>
        <technique_common>
          <accessor source="#Root-Interpolations-array" count="59">
            <param type="name"/>
          </accessor>
        </technique_common>
      </source>
      <sampler id="Root-Matrix-animation-transform">
        <input semantic="INPUT" source="#Root-Matrix-animation-input"/>
        <input semantic="OUTPUT" source="#Root-Matrix-animation-output-transform"/>
        <input semantic="INTERPOLATION" source="#Root-Interpolations"/>
      </sampler>
      <channel source="#Root-Matrix-animation-transform" target="Root/matrix"/>
    </animation>
    <animation id="Hip-anim" name="Hip">
      <source id="Hip-Matrix-animation-input">
        <float_array id="Hip-Matrix-animation-input-array" count="59">

0.000000 0.033333 0.066667 0.100000 0.133333 0.166667 0.200000 0.233333 0.266667 0.300000 0.333333 0.366667 0.400000 0.433333 0.466667 0.500000
0.533333 0.566667 0.600000 0.633333 0.666667 0.700000 0.733333 0.766667 0.800000 0.833333 0.866667 0.900000 0.933333 0.966667 1.000000 1.033333
1.066667 1.100000 1.133333 1.166667 1.200000 1.233333 1.266667 1.300000 1.333333 1.366667 1.400000 1.433333 1.466667 1.500000 1.533333 1.566667
1.600000 1.633333 1.666667 1.700000 1.733333 1.766667 1.800000 1.833333 1.866667 1.900000 1.933333</float_array>
        <technique_common>
          <accessor source="#Hip-Matrix-animation-input-array" count="59">
            <param name="TIME" type="float"/>
          </accessor>
        </technique_common>
      </source>
      <source id="Hip-Matrix-animation-output-transform">
        <float_array id="Hip-Matrix-animation-output-transform-array" count="944">

1.000000 -0.000000 0.000000 0.000000 0.000000 0.994805 -0.101798 0.813400 0.000000 0.101798 0.994805 0.039800 0.000000 0.000000 0.000000 1.000000
1.000000 -0.000000 -0.000000 -0.000000 -0.000000 0.994805 -0.101798 0.813400 0.000000 0.101798 0.994805 0.039800 0.000000 0.000000 0.000000 1.000000
1.000000 0.000000 -0.000000 0.000000 0.000000 0.994805 -0.101798 0.813400 0.000000 0.101798 0.994805 0.039800 0.000000 0.000000 0.000000 1.000000
1.000000 0.000000 0.000000 -0.000000 -0.000000 0.994805 -0.101798 0.813400 0.000000 0.101798 0.994805 0.039800 0.000000 0.000000 0.000000 1.000000
1.000000 0.000000 0.000000 -0.000000 -0.000000 0.994805 -0.101798 0.813400 0.000000 0.101798 0.994805 0.039800 0.000000 0.000000 0.000000 1.000000
1.000000 0.000000 0.000000 0.000000 0.000000 0.994805 -0.101798 0.813400 0.000000 0.101798 0.994805 0.039800 0.000000 0.000000 0.000000 1.000000
1.000000 -0.000000 -0.000000 0.000000 0.000000 0.994805 -0.101798 0.813400 -0.000000 0.101798 0.994805 0.039800 0.000000 0.000000 0.000000 1.000000
1.000000 -0.000000 0.000000 -0.000000 0.000000 0.994805 -0.101798 0.813400 -0.000000 0.101798 0.994805 0.039800 0.000000 0.000000 0.000000 1.000000
1.000000 0.000000 0.000000 0.000000 -0.000000 0.994805 -0.101798 0.813400 0.000000 0.101798 0.994805 0.039800 0.000000 0.000000 0.000000 1.000000
1.000000 -0.000000 -0.000000 0.000000 0.000000 0.994805 -0.101798 0.813400 0.000000 0.101798 0.994805 0.039800 0.000000 0.000000 0.000000 1.000000
1.000000 -0.000000 0.000000 0.000000 -0.000000 0.994805 -0.101798 0.813400 0.000000 0.101798 0.994805 0.039800 0.000000 0.000000 0.000000 1.000000
1.000000 -0.000000 -0.000000 0.000000 -0.000000 0.994805 -0.101798 0.813400 -0.000000 0.101798 0.994805 0.039800 0.000000 0.000000 0.000000 1.000000
1.000000 -0.000000 0.000000 -0.000000 0.000000 0.994805 -0.101798 0.813400 0.000000 0.101798 0.994805 0.039800 0.000000 0.000000 0.000000 1.000000
1.000000 0.000000 -0.000000 0.000000 0.000000 0.994805 -0.101798 0.813400 0.000000 0.101798 0.994805 0.039800 0.000000 0.000000 0.000000 1.000000
1.000000 -0.000000 0.000000 0.000000 0.000000 0.994805 -0.101798 0.813400 0.000000 0.101798 0.994805 0.039800 0.000000 0.000000 0.000000 1.000000
1.000000 -0.000000 0.000000 0.000000 0.000000 0.994805 -0.101798 0.813400 0.000000 0.101798 0.994805 0.039800 0.000000 0.000000 0.000000 1.000000
1.000000 -0.000000 -0.000000 0.000000 -0.000000 0.994805 -0.101798 0.813400 0.000000 0.101798 0.994805 0.039800 0.000000 0.000000 0.000000 1.000000
1.000000 0.000000 0.000000 -0.000000 -0.000000 0.994805 -0.101798 0.813400 -0.000000 0.101798 0.994805 0.039800 0.000000 0.000000 0.000000 1.000000
1.000000 0.000000 0.000000 -0.000000 0.000000 0.994805 -0.101798 0.813400 -0.000000 0.101798 0.994805 0.039800 0.000000 0.000000 0.000000 1.000000
1.000000 0.000000 0.000000 -0.000000 -0.000000 0.994805 -0.101798 0.813400 0.000000 0.101798 0.994805 0.039800 0.000000 0.000000 0.000000 1.000000
1.000000 0.000000 0.000000 -0.000000 0.000000 0.994805 -0.101798 0.813400 -0.000000 0.101798 0.994805 0.039800 0.000000 0.000000 0.000000 1.000000
1.000000 -0.000000 -0.000000 0.000000 -0.000000 0.994805 -0.101798 0.813400 0.000000 0.101798 0.994805 0.039800 0.000000 0.000000 0.000000 1.000000
1.000000 0.000000 0.000000 -0.000000 0.000000 0.994805 -0.101798 0.813400 -0.000000 0.101798 0.994805 0.039800 0.000000 0.000000 0.000000 1.000000
1.000000 -0.000000 0.000000 0.000000 0.000000 0.994805 -0.101798 0.813400 0.000000 0.101798 0.994805 0.039800 0.000000 0.000000 0.000000 1.000000
1.000000 0.000000 0.000000 0.000000 0.000000 0.994805 -0.101798 0.813400 -0.000000 0.101798 0.994805 0.039800 0.000000 0.000000 0.000000 1.000000
1.000000 -0.000000 0.000000 -0.000000 0.000000 0.994805 -0.101798 0.813400 -0.000000 0.101798 0.994805 0.039800 0.000000 0.000000 0.000000 1.000000
1.000000 0.000000 -0.000000 0.000000 0.000000 0.994805 -0.101798 0.813400 0.000000 0.101798 0.994805 0.039800 0.000000 0.000000 0.000000 1.000000
1.000000 -0.000000 0.000000 -0.000000 0.000000 0.994805 -0.101798 0.813400 0.000000 0.101798 0.994805 0.039800 0.000000 0.000000 0.000000 1.000000
1.000000 0.000000 -0.000000 -0.000000 0.000000 0.994805 -0.101798 0.813400 -0.000000 0.101798 0.994805 0.039800 0.000000 0.000000 0.000000 1.000000
1.000000 -0.000000 -0.000000 0.000000 0.000000 0.994805 -0.101798 0.813400 -0.000000 0.101798 0.994805 0.039800 0.000000 0.000000 0.000000 1.000000
1.000000 0.000000 0.000000 -0.000000 -0.000000 0.994805 -0.101798 0.813400 0.000000 0.101798 0.994805 0.039800 0.000000 0.000000 0.000000 1.000000
1.000000 0.000000 -0.000000 0.000000 -0.000000 0.994805 -0.101798 0.813400 0.000000 0.101798 0.994805 0.039800 0.000000 0.000000 0.000000 1.000000
1.000000 0.000000 -0.000000 0.000000 0.000000 0.994805 -0.101798 0.813400 0.000000 0.101798 0.994805 0.039800 0.000000 0.000000 0.000000 1.000000
1.000000 -0.000000 -0.000000 0.000000 0.000000 0.994805 -0.101798 0.813400 -0.000000 0.101798 0.994805 0.039800 0.000000 0.000000 0.000000 1.000000
1.000000 -0.000000 0.000000 0.000000 0.000000 0.994805 -0.101798 0.813400 0.000000 0.101798 0.994805 0.039800 0.000000 0.000000 0.000000 1.000000
1.000000 0.000000 -0.000000 -0.000000 -0.000000 0.994805 -0.101798 0.813400 0.000000 0.101798 0.994805 0.039800 0.000000 0.000000 0.000000 1.000000
1.000000 -0.000000 0.000000 -0.000000 -0.000000 0.994805 -0.101798 0.813400 -0.000000 0.101798 0.994805 0.039800 0.000000 0.000000 0.000000 1.000000
1.000000 -0.000000 -0.000000 0.000000 0.000000 0.994805 -0.101798 0.813400 0.000000 0.101798 0.994805 0.039800 0.000000 0.000000 0.000000 1.000000
1.000000 -0.000000 0.000000 0.000000 0.000000 0.994805 -0.101798 0.813400 -0.000000 0.101798 0.994805 0.039800 0.000000 0.000000 0.000000 1.000000
1.000000 -0.000000 -0.000000 0.000000 0.000000 0.994805 -0.101798 0.813400 0.000000 0.101798 0.994805 0.039800 0.000000 0.000000 0.000000 1.000000
1.000000 0.000000 0.000000 0.000000 -0.000000 0.994805 -0.101798 0.813400 0.000000 0.101798 0.994805 0.039800 0.000000 0.000000 0.000000 1.000000
1.000000 0.000000 -0.000000 0.000000 -0.000000 0.994805 -0.101798 0.813400 0.000000 0.101798 0.994805 0.039800 0.000000 0.000000 0.000000 1.000000
1.000000 0.000000 -0.000000 -0.000000 0.000000 0.994805 -0.101798 0.813400 -0.000000 0.101798 0.994805 0.039800 0.000000 0.000000 0.000000 1.000000
1.000000 0.000000 0.000000 -0.000000 0.000000 0.994805 -0.101798 0.813400 0.000000 0.101798 0.994805 0.039800 0.000000 0.000000 0.000000 1.000000
1.000000 0.000000 -0.000000 0.000000 -0.000000 0.994805 -0.101798 0.813400 0.000000 0.101798 0.994805 0.039800 0.000000 0.000000 0.000000 1.000000
1.000000 0.000000 0.000000 0.000000 0.000000 0.994805 -0.101798 0.813400 -0.000000 0.101798 0.994805 0.039800 0.000000 0.000000 0.000000 1.000000
1.000000 0.000000 -0.000000 -0.000000 0.000000 0.994805 -0.101798 0.813400 0.000000 0.101798 0.994805 0.039800 0.000000 0.000000 0.000000 1.000000
1.000000 0.000000 -0.000000 0.000000 0.000000 0.994805 -0.101798 0.813400 0.000000 0.101798 0.994805 0.039800 0.000000 0.000000 0.000000 1.000000
1.000000 0.000000 -0.000000 -0.000000 0.000000 0.994805 -0.101798 0.813400 -0.000000 0.101798 0.994805 0.039800 0.000000 0.000000 0.000000 1.000000
1.000000 0.000000 0.000000 -0.000000 0.000000 0.994805 -0.101798 0.813400 0.000000 0.101798 0.994805 0.039800 0.000000 0.000000 0.000000 1.000000
1.000000 0.000000 0.000000 0.000000 -0.000000 0.994805 -0.101798 0.813400 0.000000 0.101798 0.994805 0.039800 0.000000 0.000000 0.000000 1.000000
1.000000 0.000000 0.000000 -0.000000 0.000000 0.994805 -0.101798 0.813400 0.000000 0.101798 0.994805 0.039800 0.000000 0.000000 0.000000 1.000000
1.000000 0.000000 0.000000 0.000000 0.000000 0.994805 -0.101798 0.813400 0.000000 0.101798 0.994805 0.039800 0.000000 0.000000 0.000000 1.000000
1.000000 0.000000 0.000000 0.000000 0.000000 0.994805 -0.101798 0.813400 0.000000 0.101798 0.994805 0.039800 0.000000 0.000000 0.000000 1.000000
1.000000 -0.000000 0.000000 0.000000 0.000000 0.994805 -0.101798 0.813400 -0.000000 0.101798 0.994805 0.039800 0.000000 0.000000 0.000000 1.000000
1.000000 -0.000000 -0.000000 0.000000 0.000000 0.994805 -0.101798 0.813400 -0.000000 0.101798 0.994805 0.039800 0.000000 0.000000 0.000000 1.000000
1.000000 0.000000 -0.000000 -0.000000 -0.000000 0.994805 -0.101798 0.813400 0.000000 0.101798 0.994805 0.039800 0.000000 0.000000 0.000000 1.000000
1.000000 0.000000 -0.000000 -0.000000 0.000000 0.994805 -0.101798 0.813400 0.000000 0.101798 0.994805 0.039800 0.000000 0.000000 0.000000 1.000000
1.000000 0.000000 0.000000 -0.000000 0.000000 0.994805 -0.101798 0.813400 -0.000000 0.101798 0.994805 0.039800 0.000000 0.000000 0.000000 1.000000</float_array>
        <technique_common>
          <accessor source="#Hip-Matrix-animation-output-transform-array" count="59" stride="16">
            <param type="float4x4"/>
          </accessor>
        </technique_common>
      </source>
      <source id="Hip-Interpolations">
        <Name_array id="Hip-Interpolations-array" count="59">
 LINEAR LINEAR LINEAR LINEAR LINEAR LINEAR LINEAR LINEAR LINEAR LINEAR LINEAR
LINEAR LINEAR LINEAR LINEAR LINEAR LINEAR LINEAR LINEAR LINEAR LINEAR LINEAR LINEAR
LINEAR LINEAR LINEAR LINEAR LINEAR LINEAR LINEAR LINEAR LINEAR LINEAR LINEAR LINEAR
LINEAR LINEAR LINEAR LINEAR LINEAR LINEAR LINEAR LINEAR LINEAR LINEAR LINEAR LINEAR
LINEAR LINEAR LINEAR LINEAR LINEAR LINEAR LINEAR LINEAR LINEAR LINEAR LINEAR LINEAR</Name_array>
        <technique_common>
          <accessor source="#Hip-Interpolations-array" count="59">
            <param type="name"/>
          </accessor>
        </technique_common>
      </source>
      <sampler id="Hip-Matrix-animation-transform">
        <input semantic="INPUT" source="#Hip-Matrix-animation-input"/>
        <input semantic="OUTPUT" source="#Hip-Matrix-animation-output-transform"/>
        <input semantic="INTERPOLATION" source="#Hip-Interpolations"/>
      </sampler>
      <channel source="#Hip-Matrix-animation-transform" target="Hip/matrix"/>
    </animation>
    <animation id="Chest-anim" name="Chest">
      <source id="Chest-Matrix-animation-input">
        <float_array id="Chest-Matrix-animation-input-array" count="59">

0.000000 0.033333 0.066667 0.100000 0.133333 0.166667 0.200000 0.233333 0.266667 0.300000 0.333333 0.366667 0.400000 0.433333 0.466667 0.500000
0.533333 0.566667 0.600000 0.633333 0.666667 0.700000 0.733333 0.766667 0.800000 0.833333 0.866667 0.900000 0.933333 0.966667 1.000000 1.033333
1.066667 1.100000 1.133333 1.166667 1.200000 1.233333 1.266667 1.300000 1.333333 1.366667 1.400000 1.433333 1.466667 1.500000 1.533333 1.566667
1.600000 1.633333 1.666667 1.700000 1.733333 1.766667 1.800000 1.833333 1.866667 1.900000 1.933333</float_array>
        <technique_common>
          <accessor source="#Chest-Matrix-animation-input-array" count="59">
            <param name="TIME" type="float"/>
          </accessor>
        </technique_common>
      </source>
      <source id="Chest-Matrix-animation-output-transform">
        <float_array id="Chest-Matrix-animation-output-transform-array" count="944">

0.992157 -0.044628 0.116758 0.000000 0.023684 0.984291 0.174960 0.238000 -0.122732 -0.170823 0.977628 0.000000 0.000000 0.000000 0.000000 1.000000
0.992157 -0.044623 0.116760 0.000000 0.023679 0.984291 0.174960 0.238000 -0.122733 -0.170823 0.977628 0.000000 0.000000 0.000000 0.000000 1.000000
0.992157 -0.044618 0.116762 0.000000 0.023674 0.984291 0.174959 0.238000 -0.122735 -0.170823 0.977628 -0.000000 0.000000 0.000000 0.000000 1.000000
0.992190 -0.044601 0.116493 0.000000 0.023705 0.984291 0.174953 0.238000 -0.122466 -0.170825 0.977661 0.000000 0.000000 0.000000 0.000000 1.000000
0.992266 -0.044565 0.115852 0.000000 0.023778 0.984286 0.174974 0.238000 -0.121830 -0.170866 0.977733 0.000000 0.000000 0.000000 0.000000 1.000000
0.992369 -0.044659 0.114930 0.000000 0.024028 0.984276 0.174998 0.238000 -0.120938 -0.170901 0.977838 0.000000 0.000000 0.000000 0.000000 1.000000
0.992473 -0.044683 0.114018 0.000000 0.024210 0.984272 0.174992 0.238000 -0.120044 -0.170914 0.977946 0.000000 0.000000 0.000000 0.000000 1.000000
0.992543 -0.044680 0.113414 -0.000000 0.024311 0.984268 0.175003 0.238000 -0.119449 -0.170941 0.978014 0.000000 0.000000 0.000000 0.000000 1.000000
0.992560 -0.044690 0.113258 0.000000 0.024338 0.984253 0.175079 0.238000 -0.119299 -0.171020 0.978018 0.000000 0.000000 0.000000 0.000000 1.000000
0.992532 -0.044732 0.113486 -0.000000 0.024313 0.984214 0.175304 0.238000 -0.119536 -0.171236 0.977952 0.000000 0.000000 0.000000 0.000000 1.000000
0.992481 -0.044786 0.113915 0.000000 0.024267 0.984179 0.175505 0.238000 -0.119973 -0.171421 0.977866 0.000000 0.000000 0.000000 0.000000 1.000000
0.992432 -0.044822 0.114324 -0.000000 0.024237 0.984187 0.175466 0.238000 -0.120381 -0.171367 0.977825 0.000000 0.000000 0.000000 0.000000 1.000000
0.992416 -0.044841 0.114455 0.000000 0.024271 0.984242 0.175156 0.238000 -0.120505 -0.171049 0.977865 -0.000000 0.000000 0.000000 0.000000 1.000000
0.992456 -0.044818 0.114118 0.000000 0.024359 0.984315 0.174733 0.238000 -0.120159 -0.170634 0.977980 0.000000 0.000000 0.000000 0.000000 1.000000
0.992540 -0.044783 0.113397 0.000000 0.024490 0.984371 0.174398 0.238000 -0.119435 -0.170320 0.978124 0.000000 0.000000 0.000000 0.000000 1.000000
0.992617 -0.044801 0.112716 0.000000 0.024641 0.984390 0.174266 0.238000 -0.118763 -0.170202 0.978226 0.000000 0.000000 0.000000 0.000000 1.000000
0.992633 -0.044932 0.112521 -0.000000 0.024805 0.984387 0.174262 0.238000 -0.118595 -0.170187 0.978249 0.000000 0.000000 0.000000 0.000000 1.000000
0.992586 -0.045053 0.112882 0.000000 0.024860 0.984382 0.174283 0.238000 -0.118971 -0.170185 0.978204 0.000000 0.000000 0.000000 0.000000 1.000000
0.992523 -0.045120 0.113413 0.000000 0.024839 0.984388 0.174249 0.238000 -0.119504 -0.170129 0.978149 0.000000 0.000000 0.000000 0.000000 1.000000
0.992494 -0.045117 0.113665 -0.000000 0.024814 0.984419 0.174077 0.238000 -0.119748 -0.169950 0.978150 0.000000 0.000000 0.000000 0.000000 1.000000
0.992514 -0.045068 0.113511 0.000000 0.024806 0.984440 0.173961 0.238000 -0.119585 -0.169843 0.978189 0.000000 0.000000 0.000000 0.000000 1.000000
0.992557 -0.044962 0.113180 0.000000 0.024757 0.984440 0.173970 0.238000 -0.119241 -0.169873 0.978225 0.000000 0.000000 0.000000 0.000000 1.000000
0.992588 -0.044893 0.112935 0.000000 0.024704 0.984403 0.174185 0.238000 -0.118993 -0.170104 0.978215 0.000000 0.000000 0.000000 0.000000 1.000000
0.992593 -0.044873 0.112897 0.000000 0.024657 0.984355 0.174463 0.238000 -0.118959 -0.170387 0.978170 0.000000 0.000000 0.000000 0.000000 1.000000
0.992582 -0.044865 0.112996 -0.000000 0.024605 0.984318 0.174680 0.238000 -0.119061 -0.170604 0.978120 0.000000 0.000000 0.000000 0.000000 1.000000
0.992558 -0.044839 0.113215 -0.000000 0.024526 0.984297 0.174810 0.238000 -0.119276 -0.170733 0.978071 0.000000 0.000000 0.000000 0.000000 1.000000
0.992531 -0.044782 0.113477 0.000000 0.024413 0.984283 0.174905 0.238000 -0.119526 -0.170828 0.978024 -0.000000 0.000000 0.000000 0.000000 1.000000
0.992505 -0.044709 0.113731 0.000000 0.024287 0.984272 0.174981 0.238000 -0.119765 -0.170907 0.977981 0.000000 0.000000 0.000000 0.000000 1.000000
0.992480 -0.044637 0.113978 0.000000 0.024167 0.984267 0.175029 0.238000 -0.119997 -0.170958 0.977944 0.000000 0.000000 0.000000 0.000000 1.000000
0.992453 -0.044566 0.114241 -0.000000 0.024047 0.984265 0.175054 0.238000 -0.120245 -0.170986 0.977908 0.000000 0.000000 0.000000 0.000000 1.000000
0.992431 -0.044529 0.114450 -0.000000 0.023979 0.984272 0.175022 0.238000 -0.120443 -0.170953 0.977890 -0.000000 0.000000 0.000000 0.000000 1.000000
