<?xml version="1.0" encoding="utf-8"?>
<COLLADA xmlns="http://www.collada.org/2005/11/COLLADASchema" version="1.4.1">
  <asset>
    <contributor>
      <author>Mixamo</author>
      <authoring_tool>COLLADA Mixamo exporter</authoring_tool>
      <comments/>
    </contributor>
    <created>2021-12-15T18:07:08Z</created>
    <modified>2021-12-15T18:07:08Z</modified>
    <revision/>
    <title/>
    <unit meter="0.010000"/>
    <up_axis>Y_UP</up_axis>
  </asset>
  <library_animations>
    <animation id="Armature-anim" name="Armature">
      <source id="Armature-Matrix-animation-input">
        <float_array id="Armature-Matrix-animation-input-array" count="20">

0.000000 0.033333 0.066667 0.100000 0.133333 0.166667 0.200000 0.233333 0.266667 0.300000 0.333333 0.366667 0.400000 0.433333 0.466667 0.500000
0.533333 0.566667 0.600000 0.633333</float_array>
        <technique_common>
          <accessor source="#Armature-Matrix-animation-input-array" count="20">
            <param name="TIME" type="float"/>
          </accessor>
        </technique_common>
      </source>
      <source id="Armature-Matrix-animation-output-transform">
        <float_array id="Armature-Matrix-animation-output-transform-array" count="320">

99.314610 11.459622 2.298977 -1.167145 -3.828172 13.308534 99.036498 -3.540489 11.043249 -98.445721 13.656013 -16.529190 0.000000 0.000000 0.000000 1.000000
99.620010 8.694540 0.508489 0.094497 -1.751531 14.281114 98.959496 -2.580437 8.531455 -98.592367 14.379134 -16.635473 0.000000 0.000000 0.000000 1.000000
99.790734 6.458211 0.317643 -0.088542 -1.420359 17.101564 98.516593 -0.772461 6.308087 -98.314943 17.157506 -18.884388 0.000000 0.000000 0.000000 1.000000
99.838947 5.210347 2.244321 -2.086939 -3.141172 17.827401 98.347938 -0.024506 4.724164 -98.260043 17.962355 -19.377764 0.000000 0.000000 0.000000 1.000000
99.960821 1.243145 2.507754 -2.713001 -2.663684 14.732944 98.872874 -1.063545 0.859667 -98.900935 14.760285 -16.967127 0.000000 0.000000 0.000000 1.000000
99.787075 -6.511133 0.380475 -1.234770 0.376717 11.577528 99.326829 -3.319359 -6.511352 -99.113904 11.577405 -14.423960 0.000000 0.000000 0.000000 1.000000
99.011839 -13.680961 -3.080113 1.472553 4.664104 11.412957 99.237042 -4.628784 -13.225049 -98.400080 11.938273 -14.694442 0.000000 0.000000 0.000000 1.000000
98.376456 -16.780918 -6.361887 4.681319 8.761214 13.969260 98.631136 -4.372902 -15.662502 -97.587195 15.212675 -19.642982 0.000000 0.000000 0.000000 1.000000
98.339350 -16.902308 -6.609404 5.140317 9.570310 17.353004 98.016746 -3.796265 -15.420162 -97.021571 18.682434 -24.334665 0.000000 0.000000 0.000000 1.000000
98.662420 -15.937909 -3.421981 2.559195 6.585327 19.766432 97.805530 -3.237144 -14.911753 -96.722651 20.551604 -25.149004 0.000000 0.000000 0.000000 1.000000
98.799279 -15.444475 -0.413146 0.246390 3.655851 20.771846 97.750525 -2.649757 -15.011238 -96.591918 21.087061 -22.947565 0.000000 0.000000 0.000000 1.000000
98.856316 -15.080728 -0.020758 0.240021 3.268922 21.293835 97.651865 -0.763748 -14.722192 -96.535715 21.543278 -22.370247 0.000000 0.000000 0.000000 1.000000
98.992079 -14.096055 -1.367270 1.428901 4.387109 21.342647 97.597360 0.534248 -13.465566 -96.673640 21.745940 -21.940878 0.000000 0.000000 0.000000 1.000000
99.090899 -13.292161 -2.076579 2.154450 4.711630 19.829795 97.900867 0.861084 -12.601360 -97.108690 20.275800 -20.934847 0.000000 0.000000 0.000000 1.000000
99.300970 -11.549306 -2.435331 2.620594 4.414998 17.209245 98.409094 -0.295273 -10.946465 -97.828705 17.598849 -18.299990 0.000000 0.000000 0.000000 1.000000
99.746781 -6.559049 -2.749280 3.289863 3.760408 15.829077 98.667622 -2.054222 -6.036472 -98.521161 16.035642 -17.743401 0.000000 0.000000 0.000000 1.000000
99.969525 2.230019 -1.058830 2.142358 0.678677 16.411485 98.641789 -3.211060 2.373500 -98.618914 16.391349 -18.387793 0.000000 0.000000 0.000000 1.000000
99.478934 10.055968 1.679057 -0.212534 -3.279695 15.970769 98.661939 -3.609573 9.653254 -98.202913 16.217356 -18.343925 0.000000 0.000000 0.000000 1.000000
99.148901 12.678772 2.957061 -1.507056 -4.759343 14.157077 98.878338 -3.634689 12.117925 -98.177522 14.640013 -17.858990 0.000000 0.000000 0.000000 1.000000
99.314611 11.459623 2.298953 -1.167130 -3.828149 13.308537 99.036499 -3.540512 11.043252 -98.445721 13.656013 -16.529181 0.000000 0.000000 0.000000 1.000000</float_array>
        <technique_common>
          <accessor source="#Armature-Matrix-animation-output-transform-array" count="20" stride="16">
            <param type="float4x4"/>
          </accessor>
        </technique_common>
      </source>
      <source id="Armature-Interpolations">
        <Name_array id="Armature-Interpolations-array" count="20">
 LINEAR LINEAR LINEAR LINEAR LINEAR LINEAR LINEAR LINEAR LINEAR LINEAR LINEAR
LINEAR LINEAR LINEAR LINEAR LINEAR LINEAR LINEAR LINEAR LINEAR</Name_array>
        <technique_common>
          <accessor source="#Armature-Interpolations-array" count="20">
            <param type="name"/>
          </accessor>
        </technique_common>
      </source>
      <sampler id="Armature-Matrix-animation-transform">
        <input semantic="INPUT" source="#Armature-Matrix-animation-input"/>
        <input semantic="OUTPUT" source="#Armature-Matrix-animation-output-transform"/>
        <input semantic="INTERPOLATION" source="#Armature-Interpolations"/>
      </sampler>
      <channel source="#Armature-Matrix-animation-transform" target="Armature/matrix"/>
    </animation>
    <animation id="Root-anim" name="Root">
      <source id="Root-Matrix-animation-input">
        <float_array id="Root-Matrix-animation-input-array" count="20">

0.000000 0.033333 0.066667 0.100000 0.133333 0.166667 0.200000 0.233333 0.266667 0.300000 0.333333 0.366667 0.400000 0.433333 0.466667 0.500000
0.533333 0.566667 0.600000 0.633333</float_array>
        <technique_common>
          <accessor source="#Root-Matrix-animation-input-array" count="20">
            <param name="TIME" type="float"/>
          </accessor>
        </technique_common>
      </source>
      <source id="Root-Matrix-animation-output-transform">
        <float_array id="Root-Matrix-animation-output-transform-array" count="320">

1.000000 -0.000000 0.000000 0.000000 0.000000 0.000000 -1.000000 0.000000 0.000000 1.000000 0.000000 0.000000 0.000000 0.000000 0.000000 1.000000
1.000000 0.000000 -0.000000 0.000000 0.000000 0.000000 -1.000000 0.000000 -0.000000 1.000000 0.000000 0.000000 0.000000 0.000000 0.000000 1.000000
1.000000 0.000000 0.000000 0.000000 0.000000 0.000000 -1.000000 0.000000 -0.000000 1.000000 0.000000 0.000000 0.000000 0.000000 0.000000 1.000000
1.000000 0.000000 0.000000 0.000000 0.000000 0.000000 -1.000000 0.000000 -0.000000 1.000000 0.000000 0.000000 0.000000 0.000000 0.000000 1.000000
1.000000 0.000000 -0.000000 0.000000 0.000000 0.000000 -1.000000 0.000000 -0.000000 1.000000 0.000000 0.000000 0.000000 0.000000 0.000000 1.000000
1.000000 0.000000 0.000000 0.000000 0.000000 0.000000 -1.000000 0.000000 -0.000000 1.000000 0.000000 0.000000 0.000000 0.000000 0.000000 1.000000
1.000000 0.000000 0.000000 0.000000 -0.000000 0.000000 -1.000000 0.000000 -0.000000 1.000000 0.000000 0.000000 0.000000 0.000000 0.000000 1.000000
1.000000 0.000000 0.000000 0.000000 -0.000000 0.000000 -1.000000 0.000000 -0.000000 1.000000 0.000000 0.000000 0.000000 0.000000 0.000000 1.000000
1.000000 -0.000000 -0.000000 0.000000 0.000000 0.000000 -1.000000 0.000000 0.000000 1.000000 0.000000 0.000000 0.000000 0.000000 0.000000 1.000000
1.000000 -0.000000 0.000000 0.000000 -0.000000 0.000000 -1.000000 0.000000 -0.000000 1.000000 0.000000 0.000000 0.000000 0.000000 0.000000 1.000000
1.000000 -0.000000 -0.000000 0.000000 0.000000 0.000000 -1.000000 0.000000 0.000000 1.000000 0.000000 0.000000 0.000000 0.000000 0.000000 1.000000
1.000000 0.000000 0.000000 0.000000 0.000000 0.000000 -1.000000 0.000000 -0.000000 1.000000 0.000000 0.000000 0.000000 0.000000 0.000000 1.000000
1.000000 0.000000 0.000000 0.000000 0.000000 0.000000 -1.000000 0.000000 0.000000 1.000000 -0.000000 0.000000 0.000000 0.000000 0.000000 1.000000
1.000000 0.000000 0.000000 0.000000 0.000000 0.000000 -1.000000 0.000000 0.000000 1.000000 0.000000 0.000000 0.000000 0.000000 0.000000 1.000000
1.000000 0.000000 -0.000000 0.000000 0.000000 0.000000 -1.000000 0.000000 0.000000 1.000000 0.000000 0.000000 0.000000 0.000000 0.000000 1.000000
1.000000 -0.000000 0.000000 0.000000 -0.000000 0.000000 -1.000000 0.000000 0.000000 1.000000 0.000000 0.000000 0.000000 0.000000 0.000000 1.000000
1.000000 0.000000 0.000000 0.000000 -0.000000 0.000000 -1.000000 0.000000 0.000000 1.000000 0.000000 0.000000 0.000000 0.000000 0.000000 1.000000
1.000000 -0.000000 0.000000 0.000000 0.000000 0.000000 -1.000000 0.000000 0.000000 1.000000 0.000000 0.000000 0.000000 0.000000 0.000000 1.000000
1.000000 -0.000000 -0.000000 0.000000 -0.000000 0.000000 -1.000000 0.000000 -0.000000 1.000000 0.000000 0.000000 0.000000 0.000000 0.000000 1.000000
1.000000 -0.000000 -0.000000 0.000000 -0.000000 0.000000 -1.000000 0.000000 0.000000 1.000000 0.000000 0.000000 0.000000 0.000000 0.000000 1.000000</float_array>
        <technique_common>
          <accessor source="#Root-Matrix-animation-output-transform-array" count="20" stride="16">
            <param type="float4x4"/>
          </accessor>
        </technique_common>
      </source>
      <source id="Root-Interpolations">
        <Name_array id="Root-Interpolations-array" count="20">
 LINEAR LINEAR LINEAR LINEAR LINEAR LINEAR LINEAR LINEAR LINEAR LINEAR LINEAR
LINEAR LINEAR LINEAR LINEAR LINEAR LINEAR LINEAR LINEAR LINEAR</Name_array>
        <technique_common>
          <accessor source="#Root-Interpolations-array" count="20">
            <param type="name"/>
          </accessor>
        </technique_common>
      </source>
      <sampler id="Root-Matrix-animation-transform">
        <input semantic="INPUT" source="#Root-Matrix-animation-input"/>
        <input semantic="OUTPUT" source="#Root-Matrix-animation-output-transform"/>
        <input semantic="INTERPOLATION" source="#Root-Interpolations"/>
      </sampler>
      <channel source="#Root-Matrix-animation-transform" target="Root/matrix"/>
    </animation>
    <animation id="Hip-anim" name="Hip">
      <source id="Hip-Matrix-animation-input">
        <float_array id="Hip-Matrix-animation-input-array" count="20">

0.000000 0.033333 0.066667 0.100000 0.133333 0.166667 0.200000 0.233333 0.266667 0.300000 0.333333 0.366667 0.400000 0.433333 0.466667 0.500000
0.533333 0.566667 0.600000 0.633333</float_array>
        <technique_common>
          <accessor source="#Hip-Matrix-animation-input-array" count="20">
            <param name="TIME" type="float"/>
          </accessor>
        </technique_common>
      </source>
      <source id="Hip-Matrix-animation-output-transform">
        <float_array id="Hip-Matrix-animation-output-transform-array" count="320">

1.000000 0.000000 0.000000 0.000000 0.000000 0.994805 -0.101798 0.813400 -0.000000 0.101798 0.994805 0.039800 0.000000 0.000000 0.000000 1.000000
1.000000 -0.000000 -0.000000 -0.000000 0.000000 0.994805 -0.101798 0.813400 0.000000 0.101798 0.994805 0.039800 0.000000 0.000000 0.000000 1.000000
1.000000 0.000000 -0.000000 -0.000000 0.000000 0.994805 -0.101798 0.813400 -0.000000 0.101798 0.994805 0.039800 0.000000 0.000000 0.000000 1.000000
1.000000 0.000000 0.000000 -0.000000 -0.000000 0.994805 -0.101798 0.813400 -0.000000 0.101798 0.994805 0.039800 0.000000 0.000000 0.000000 1.000000
1.000000 -0.000000 0.000000 -0.000000 -0.000000 0.994805 -0.101798 0.813400 0.000000 0.101798 0.994805 0.039800 0.000000 0.000000 0.000000 1.000000
1.000000 -0.000000 0.000000 -0.000000 -0.000000 0.994805 -0.101798 0.813400 0.000000 0.101798 0.994805 0.039800 0.000000 0.000000 0.000000 1.000000
1.000000 -0.000000 0.000000 -0.000000 -0.000000 0.994805 -0.101798 0.813400 0.000000 0.101798 0.994805 0.039800 0.000000 0.000000 0.000000 1.000000
1.000000 0.000000 0.000000 0.000000 -0.000000 0.994805 -0.101798 0.813400 0.000000 0.101798 0.994805 0.039800 0.000000 0.000000 0.000000 1.000000
1.000000 0.000000 0.000000 0.000000 0.000000 0.994805 -0.101798 0.813400 0.000000 0.101798 0.994805 0.039800 0.000000 0.000000 0.000000 1.000000
1.000000 0.000000 0.000000 0.000000 0.000000 0.994805 -0.101798 0.813400 0.000000 0.101798 0.994805 0.039800 0.000000 0.000000 0.000000 1.000000
1.000000 0.000000 0.000000 0.000000 0.000000 0.994805 -0.101798 0.813400 -0.000000 0.101798 0.994805 0.039800 0.000000 0.000000 0.000000 1.000000
1.000000 -0.000000 -0.000000 -0.000000 -0.000000 0.994805 -0.101798 0.813400 0.000000 0.101798 0.994805 0.039800 0.000000 0.000000 0.000000 1.000000
1.000000 0.000000 -0.000000 0.000000 0.000000 0.994805 -0.101798 0.813400 -0.000000 0.101798 0.994805 0.039800 0.000000 0.000000 0.000000 1.000000
1.000000 0.000000 0.000000 -0.000000 -0.000000 0.994805 -0.101798 0.813400 -0.000000 0.101798 0.994805 0.039800 0.000000 0.000000 0.000000 1.000000
1.000000 0.000000 0.000000 0.000000 0.000000 0.994805 -0.101798 0.813400 -0.000000 0.101798 0.994805 0.039800 0.000000 0.000000 0.000000 1.000000
1.000000 -0.000000 0.000000 0.000000 -0.000000 0.994805 -0.101798 0.813400 -0.000000 0.101798 0.994805 0.039800 0.000000 0.000000 0.000000 1.000000
1.000000 -0.000000 -0.000000 0.000000 0.000000 0.994805 -0.101798 0.813400 0.000000 0.101798 0.994805 0.039800 0.000000 0.000000 0.000000 1.000000
1.000000 -0.000000 -0.000000 0.000000 0.000000 0.994805 -0.101798 0.813400 0.000000 0.101798 0.994805 0.039800 0.000000 0.000000 0.000000 1.000000
1.000000 0.000000 0.000000 0.000000 0.000000 0.994805 -0.101798 0.813400 -0.000000 0.101798 0.994805 0.039800 0.000000 0.000000 0.000000 1.000000
1.000000 0.000000 0.000000 0.000000 -0.000000 0.994805 -0.101798 0.813400 0.000000 0.101798 0.994805 0.039800 0.000000 0.000000 0.000000 1.000000</float_array>
        <technique_common>
          <accessor source="#Hip-Matrix-animation-output-transform-array" count="20" stride="16">
            <param type="float4x4"/>
          </accessor>
        </technique_common>
      </source>
      <source id="Hip-Interpolations">
        <Name_array id="Hip-Interpolations-array" count="20">
 LINEAR LINEAR LINEAR LINEAR LINEAR LINEAR LINEAR LINEAR LINEAR LINEAR LINEAR
LINEAR LINEAR LINEAR LINEAR LINEAR LINEAR LINEAR LINEAR LINEAR</Name_array>
        <technique_common>
          <accessor source="#Hip-Interpolations-array" count="20">
            <param type="name"/>
          </accessor>
        </technique_common>
      </source>
      <sampler id="Hip-Matrix-animation-transform">
        <input semantic="INPUT" source="#Hip-Matrix-animation-input"/>
        <input semantic="OUTPUT" source="#Hip-Matrix-animation-output-transform"/>
        <input semantic="INTERPOLATION" source="#Hip-Interpolations"/>
      </sampler>
      <channel source="#Hip-Matrix-animation-transform" target="Hip/matrix"/>
    </animation>
    <animation id="Chest-anim" name="Chest">
      <source id="Chest-Matrix-animation-input">
        <float_array id="Chest-Matrix-animation-input-array" count="20">

0.000000 0.033333 0.066667 0.100000 0.133333 0.166667 0.200000 0.233333 0.266667 0.300000 0.333333 0.366667 0.400000 0.433333 0.466667 0.500000
0.533333 0.566667 0.600000 0.633333</float_array>
        <technique_common>
          <accessor source="#Chest-Matrix-animation-input-array" count="20">
            <param name="TIME" type="float"/>
          </accessor>
        </technique_common>
      </source>
      <source id="Chest-Matrix-animation-output-transform">
        <float_array id="Chest-Matrix-animation-output-transform-array" count="320">

0.967958 -0.005298 0.251057 -0.000000 0.016179 0.999016 -0.041296 0.238000 -0.250591 0.044035 0.967091 0.000000 0.000000 0.000000 0.000000 1.000000
0.962158 0.012382 0.272211 -0.000000 -0.022382 0.999183 0.033662 0.238000 -0.271572 -0.038481 0.961648 0.000000 0.000000 0.000000 0.000000 1.000000
0.958785 0.002137 0.284125 -0.000000 -0.036173 0.992753 0.114599 0.238000 -0.281822 -0.120154 0.951914 0.000000 0.000000 0.000000 0.000000 1.000000
0.958321 -0.030282 0.284085 0.000000 -0.011248 0.989596 0.143430 0.238000 -0.285473 -0.140648 0.948010 0.000000 0.000000 0.000000 0.000000 1.000000
0.971275 -0.016437 0.237391 0.000000 -0.005223 0.995899 0.090326 0.238000 -0.237902 -0.088971 0.967206 0.000000 0.000000 0.000000 0.000000 1.000000
0.989752 0.041132 0.136742 -0.000000 -0.042976 0.999020 0.010562 0.238000 -0.136174 -0.016331 0.990550 0.000000 0.000000 0.000000 0.000000 1.000000
0.994985 0.098693 0.016262 0.000000 -0.097847 0.994114 -0.046513 0.238000 -0.020757 0.044688 0.998785 -0.000000 0.000000 0.000000 0.000000 1.000000
0.987942 0.131078 -0.082400 0.000000 -0.136389 0.988681 -0.062506 0.238000 0.073274 0.072991 0.994637 0.000000 0.000000 0.000000 0.000000 1.000000
0.977779 0.137806 -0.157981 -0.000000 -0.141942 0.989759 -0.015148 0.238000 0.154275 0.037235 0.987326 0.000000 0.000000 0.000000 0.000000 1.000000
0.966802 0.119585 -0.225819 0.000000 -0.102204 0.990935 0.087195 0.238000 0.234199 -0.061221 0.970259 0.000000 0.000000 0.000000 0.000000 1.000000
0.955368 0.090264 -0.281289 -0.000000 -0.038091 0.981867 0.185703 0.238000 0.292951 -0.166700 0.941483 0.000000 0.000000 0.000000 0.000000 1.000000
0.949497 0.076181 -0.304387 0.000000 -0.001755 0.971354 0.237631 0.238000 0.313770 -0.225096 0.922431 0.000000 0.000000 0.000000 0.000000 1.000000
0.951725 0.084145 -0.295195 0.000000 -0.009466 0.969281 0.245775 0.238000 0.306807 -0.231115 0.923285 0.000000 0.000000 0.000000 0.000000 1.000000
0.958597 0.086208 -0.271402 0.000000 -0.025852 0.975485 0.218542 0.238000 0.283589 -0.202478 0.937326 0.000000 0.000000 0.000000 0.000000 1.000000
0.972728 0.068638 -0.221563 0.000000 -0.033903 0.987028 0.156925 0.238000 0.229460 -0.145134 0.962437 0.000000 0.000000 0.000000 0.000000 1.000000
0.991316 0.035949 -0.126496 0.000000 -0.027475 0.997299 0.068111 0.238000 0.128603 -0.064044 0.989626 -0.000000 0.000000 0.000000 0.000000 1.000000
0.999977 -0.003827 0.005516 -0.000000 0.003930 0.999818 -0.018683 0.238000 -0.005443 0.018704 0.999810 0.000000 0.000000 0.000000 0.000000 1.000000
0.991765 -0.028631 0.124832 0.000000 0.037504 0.996889 -0.069323 0.238000 -0.122459 0.073434 0.989753 0.000000 0.000000 0.000000 0.000000 1.000000
0.978397 -0.025125 0.205204 0.000000 0.041615 0.996205 -0.076442 0.238000 -0.202504 0.083330 0.975730 -0.000000 0.000000 0.000000 0.000000 1.000000
0.967958 -0.005298 0.251057 0.000000 0.016179 0.999016 -0.041296 0.238000 -0.250592 0.044035 0.967091 -0.000000 0.000000 0.000000 0.000000 1.000000</float_array>
        <technique_common>
          <accessor source="#Chest-Matrix-animation-output-transform-array" count="20" stride="16">
            <param type="float4x4"/>
          </accessor>
        </technique_common>
      </source>
      <source id="Chest-Interpolations">
        <Name_array id="Chest-Interpolations-array" count="20">
 LINEAR LINEAR LINEAR LINEAR LINEAR LINEAR LINEAR LINEAR LINEAR LINEAR LINEAR
LINEAR LINEAR LINEAR LINEAR LINEAR LINEAR LINEAR LINEAR LINEAR</Name_array>
        <technique_common>
          <accessor source="#Chest-Interpolations-array" count="20">
            <param type="name"/>
          </accessor>
        </technique_common>
      </source>
      <sampler id="Chest-Matrix-animation-transform">
        <input semantic="INPUT" source="#Chest-Matrix-animation-input"/>
        <input semantic="OUTPUT" source="#Chest-Matrix-animation-output-transform"/>
        <input semantic="INTERPOLATION" source="#Chest-Interpolations"/>
      </sampler>
      <channel source="#Chest-Matrix-animation-transform" target="Chest/matrix"/>
    </animation>
    <animation id="Neck-anim" name="Neck">
      <source id="Neck-Matrix-animation-input">
        <float_array id="Neck-Matrix-animation-input-array" count="20">

0.000000 0.033333 0.066667 0.100000 0.133333 0.166667 0.200000 0.233333 0.266667 0.300000 0.333333 0.366667 0.400000 0.433333 0.466667 0.500000
0.533333 0.566667 0.600000 0.633333</float_array>
        <technique_common>
          <accessor source="#Neck-Matrix-animation-input-array" count="20">
            <param name="TIME" type="float"/>
          </accessor>
        </technique_common>
      </source>
      <source id="Neck-Matrix-animation-output-transform">
        <float_array id="Neck-Matrix-animation-output-transform-array" count="320">

0.999718 0.014767 0.018607 0.000000 -0.010495 0.977272 -0.211730 0.429300 -0.021310 0.211475 0.977151 0.000000 0.000000 0.000000 0.000000 1.000000
0.999716 0.018157 0.015419 -0.000000 -0.013103 0.959731 -0.280614 0.429300 -0.019893 0.280332 0.959697 0.000000 0.000000 0.000000 0.000000 1.000000
0.999335 0.035262 0.009229 -0.000000 -0.030471 0.947129 -0.319402 0.429300 -0.020004 0.318909 0.947574 0.000000 0.000000 0.000000 0.000000 1.000000
0.998128 0.061108 0.002553 0.000000 -0.057245 0.948088 -0.312813 0.429300 -0.021536 0.312081 0.949811 -0.000000 0.000000 0.000000 0.000000 1.000000
0.997623 0.068536 -0.007155 -0.000000 -0.067712 0.955749 -0.286283 0.429300 -0.012782 0.286087 0.958118 0.000000 0.000000 0.000000 0.000000 1.000000
0.999007 0.039285 -0.021035 0.000000 -0.043336 0.966440 -0.253210 0.429300 0.010382 0.253870 0.967183 0.000000 0.000000 0.000000 0.000000 1.000000
0.999418 -0.012951 -0.031552 0.000000 0.006087 0.977979 -0.208616 0.429300 0.033559 0.208302 0.977489 0.000000 0.000000 0.000000 0.000000 1.000000
0.997206 -0.067141 -0.032750 0.000000 0.059976 0.980942 -0.184812 0.429300 0.044535 0.182331 0.982228 0.000000 0.000000 0.000000 0.000000 1.000000
0.993470 -0.110570 -0.028132 0.000000 0.101462 0.968974 -0.225376 0.429300 0.052179 0.221050 0.973866 -0.000000 0.000000 0.000000 0.000000 1.000000
0.992285 -0.120931 -0.027315 -0.000000 0.107197 0.947577 -0.301009 0.429300 0.062284 0.295758 0.953230 0.000000 0.000000 0.000000 0.000000 1.000000
0.994613 -0.098248 -0.033040 0.000000 0.079805 0.929232 -0.360776 0.429300 0.066147 0.356196 0.932067 0.000000 0.000000 0.000000 0.000000 1.000000
0.996133 -0.080524 -0.035144 -0.000000 0.060423 0.918263 -0.391334 0.429300 0.063783 0.387697 0.919577 0.000000 0.000000 0.000000 0.000000 1.000000
0.995467 -0.090460 -0.029360 -0.000000 0.071563 0.915786 -0.395239 0.429300 0.062641 0.391346 0.918109 -0.000000 0.000000 0.000000 0.000000 1.000000
0.993214 -0.113824 -0.023895 0.000000 0.096931 0.923648 -0.370780 0.429300 0.064274 0.365948 0.928413 0.000000 0.000000 0.000000 0.000000 1.000000
0.992846 -0.117335 -0.022125 0.000000 0.104500 0.943520 -0.314403 0.429300 0.057766 0.309842 0.949032 0.000000 0.000000 0.000000 0.000000 1.000000
0.996751 -0.078562 -0.017756 -0.000000 0.072028 0.968096 -0.240005 0.429300 0.036045 0.237946 0.970609 0.000000 0.000000 0.000000 0.000000 1.000000
0.999724 -0.022778 -0.005683 0.000000 0.021394 0.983624 -0.178960 0.429300 0.009667 0.178789 0.983840 0.000000 0.000000 0.000000 0.000000 1.000000
0.999908 0.010786 0.008254 -0.000000 -0.009439 0.988845 -0.148646 0.429300 -0.009765 0.148555 0.988856 0.000000 0.000000 0.000000 0.000000 1.000000
0.999713 0.017423 0.016459 0.000000 -0.014629 0.987522 -0.156800 0.429300 -0.018986 0.156514 0.987493 0.000000 0.000000 0.000000 0.000000 1.000000
0.999718 0.014767 0.018607 0.000000 -0.010495 0.977272 -0.211730 0.429300 -0.021310 0.211475 0.977151 0.000000 0.000000 0.000000 0.000000 1.000000</float_array>
        <technique_common>
          <accessor source="#Neck-Matrix-animation-output-transform-array" count="20" stride="16">
            <param type="float4x4"/>
          </accessor>
        </technique_common>
      </source>
      <source id="Neck-Interpolations">
        <Name_array id="Neck-Interpolations-array" count="20">
 LINEAR LINEAR LINEAR LINEAR LINEAR LINEAR LINEAR LINEAR LINEAR LINEAR LINEAR
LINEAR LINEAR LINEAR LINEAR LINEAR LINEAR LINEAR LINEAR LINEAR</Name_array>
        <technique_common>
          <accessor source="#Neck-Interpolations-array" count="20">
            <param type="name"/>
          </accessor>
        </technique_common>
      </source>
      <sampler id="Neck-Matrix-animation-transform">
        <input semantic="INPUT" source="#Neck-Matrix-animation-input"/>
        <input semantic="OUTPUT" source="#Neck-Matrix-animation-output-transform"/>
        <input semantic="INTERPOLATION" source="#Neck-Interpolations"/>
      </sampler>
      <channel source="#Neck-Matrix-animation-transform" target="Neck/matrix"/>
    </animation>
    <animation id="Head-anim" name="Head">
      <source id="Head-Matrix-animation-input">
        <float_array id="Head-Matrix-animation-input-array" count="20">

0.000000 0.033333 0.066667 0.100000 0.133333 0.166667 0.200000 0.233333 0.266667 0.300000 0.333333 0.366667 0.400000 0.433333 0.466667 0.500000
0.533333 0.566667 0.600000 0.633333</float_array>
        <technique_common>
          <accessor source="#Head-Matrix-animation-input-array" count="20">
            <param name="TIME" type="float"/>
          </accessor>
        </technique_common>
      </source>
      <source id="Head-Matrix-animation-output-transform">
        <float_array id="Head-Matrix-animation-output-transform-array" count="320">

0.999041 0.016848 -0.040421 -0.000000 -0.010552 0.988448 0.151196 0.075400 0.042501 -0.150624 0.987677 0.000000 0.000000 0.000000 0.000000 1.000000
0.998480 0.018802 -0.051805 -0.000000 -0.011304 0.989887 0.141410 0.075400 0.053939 -0.140610 0.988595 0.000000 0.000000 0.000000 0.000000 1.000000
0.998001 0.020989 -0.059614 0.000000 -0.012194 0.989468 0.144236 0.075400 0.062013 -0.143221 0.987746 0.000000 0.000000 0.000000 0.000000 1.000000
0.997814 0.023302 -0.061838 0.000000 -0.013460 0.987816 0.155040 0.075400 0.064697 -0.153869 0.985971 0.000000 0.000000 0.000000 0.000000 1.000000
0.997910 0.030020 -0.057214 -0.000000 -0.020344 0.986456 0.162760 0.075400 0.061325 -0.161256 0.985005 0.000000 0.000000 0.000000 0.000000 1.000000
0.998043 0.039986 -0.048070 0.000000 -0.031696 0.986232 0.162300 0.075400 0.053898 -0.160459 0.985570 0.000000 0.000000 0.000000 0.000000 1.000000
0.998193 0.047773 -0.036450 -0.000000 -0.041394 0.986377 0.159205 0.075400 0.043559 -0.157408 0.986573 0.000000 0.000000 0.000000 0.000000 1.000000
0.998635 0.047145 -0.022480 -0.000000 -0.042873 0.985738 0.162732 0.075400 0.029831 -0.161546 0.986414 -0.000000 0.000000 0.000000 0.000000 1.000000
0.999301 0.036873 -0.006232 0.000000 -0.035231 0.984168 0.173704 0.075400 0.012538 -0.173363 0.984778 0.000000 0.000000 0.000000 0.000000 1.000000
0.999690 0.022817 0.009933 0.000000 -0.024257 0.982589 0.184203 0.075400 -0.005558 -0.184387 0.982838 0.000000 0.000000 0.000000 0.000000 1.000000
0.999672 0.012607 0.022300 -0.000000 -0.016590 0.981919 0.188574 0.075400 -0.019519 -0.188882 0.981806 -0.000000 0.000000 0.000000 0.000000 1.000000
0.999551 0.008629 0.028705 0.000000 -0.013918 0.981774 0.189540 0.075400 -0.026546 -0.189854 0.981453 -0.000000 0.000000 0.000000 0.000000 1.000000
0.999532 0.007914 0.029540 0.000000 -0.013461 0.981182 0.192618 0.075400 -0.027460 -0.192925 0.980829 -0.000000 0.000000 0.000000 0.000000 1.000000
0.999626 0.007804 0.026211 -0.000000 -0.012861 0.979972 0.198720 0.075400 -0.024135 -0.198983 0.979706 0.000000 0.000000 0.000000 0.000000 1.000000
0.999768 0.008705 0.019681 0.000000 -0.012541 0.978863 0.204134 0.075400 -0.017488 -0.204333 0.978745 0.000000 0.000000 0.000000 0.000000 1.000000
0.999879 0.011446 0.010541 0.000000 -0.013363 0.978695 0.204883 0.075400 -0.007972 -0.204999 0.978730 0.000000 0.000000 0.000000 0.000000 1.000000
0.999889 0.014901 -0.000594 0.000000 -0.014484 0.979873 0.199095 0.075400 0.003549 -0.199064 0.979980 0.000000 0.000000 0.000000 0.000000 1.000000
0.999767 0.017127 -0.013174 0.000000 -0.014363 0.982264 0.186954 0.075400 0.016142 -0.186721 0.982280 -0.000000 0.000000 0.000000 0.000000 1.000000
0.999497 0.016918 -0.026813 0.000000 -0.012130 0.985439 0.169596 0.075400 0.029292 -0.169186 0.985149 0.000000 0.000000 0.000000 0.000000 1.000000
0.999041 0.016848 -0.040421 0.000000 -0.010552 0.988447 0.151196 0.075400 0.042501 -0.150624 0.987677 0.000000 0.000000 0.000000 0.000000 1.000000</float_array>
        <technique_common>
          <accessor source="#Head-Matrix-animation-output-transform-array" count="20" stride="16">
            <param type="float4x4"/>
          </accessor>
        </technique_common>
      </source>
      <source id="Head-Interpolations">
        <Name_array id="Head-Interpolations-array" count="20">
 LINEAR LINEAR LINEAR LINEAR LINEAR LINEAR LINEAR LINEAR LINEAR LINEAR LINEAR
LINEAR LINEAR LINEAR LINEAR LINEAR LINEAR LINEAR LINEAR LINEAR</Name_array>
        <technique_common>
          <accessor source="#Head-Interpolations-array" count="20">
            <param type="name"/>
          </accessor>
        </technique_common>
      </source>
      <sampler id="Head-Matrix-animation-transform">
        <input semantic="INPUT" source="#Head-Matrix-animation-input"/>
        <input semantic="OUTPUT" source="#Head-Matrix-animation-output-transform"/>
        <input semantic="INTERPOLATION" source="#Head-Interpolations"/>
      </sampler>
      <channel source="#Head-Matrix-animation-transform" target="Head/matrix"/>
    </animation>
    <animation id="UpperArm.L-anim" name="UpperArm.L">
      <source id="UpperArm.L-Matrix-animation-input">
        <float_array id="UpperArm.L-Matrix-animation-input-array" count="20">

0.000000 0.033333 0.066667 0.100000 0.133333 0.166667 0.200000 0.233333 0.266667 0.300000 0.333333 0.366667 0.400000 0.433333 0.466667 0.500000
0.533333 0.566667 0.600000 0.633333</float_array>
        <technique_common>
          <accessor source="#UpperArm.L-Matrix-animation-input-array" count="20">
            <param name="TIME" type="float"/>
          </accessor>
        </technique_common>
      </source>
      <source id="UpperArm.L-Matrix-animation-output-transform">
        <float_array id="UpperArm.L-Matrix-animation-output-transform-array" count="320">

-0.874756 0.484551 0.003492 0.168800 -0.222081 -0.394495 -0.891658 0.337400 -0.430676 -0.780759 0.452696 -0.029100 0.000000 0.000000 0.000000 1.000000
-0.867323 0.487135 0.102222 0.168800 -0.234668 -0.219080 -0.947067 0.337400 -0.438955 -0.845401 0.304328 -0.029100 0.000000 0.000000 0.000000 1.000000
-0.881621 0.451568 0.137227 0.168800 -0.239405 -0.177312 -0.954592 0.337400 -0.406731 -0.874441 0.264430 -0.029100 0.000000 0.000000 0.000000 1.000000
-0.908071 0.405257 0.105710 0.168800 -0.238339 -0.292485 -0.926092 0.337400 -0.344387 -0.866152 0.362185 -0.029100 0.000000 0.000000 0.000000 1.000000
-0.927535 0.370390 0.049896 0.168800 -0.236109 -0.477238 -0.846461 0.337400 -0.289709 -0.796904 0.530107 -0.029100 0.000000 0.000000 0.000000 1.000000
-0.921247 0.388317 -0.022644 0.168800 -0.257048 -0.651448 -0.713822 0.337400 -0.291941 -0.651786 0.699961 -0.029100 0.000000 0.000000 0.000000 1.000000
-0.882626 0.450981 -0.132616 0.168800 -0.333814 -0.799948 -0.498649 0.337400 -0.330967 -0.395852 0.856599 -0.029100 0.000000 0.000000 0.000000 1.000000
-0.839553 0.480827 -0.252895 0.168800 -0.449656 -0.876241 -0.173235 0.337400 -0.304893 -0.031724 0.951858 -0.029100 0.000000 0.000000 0.000000 1.000000
-0.822961 0.467254 -0.323124 0.168800 -0.534841 -0.829004 0.163397 0.337400 -0.191523 0.307289 0.932144 -0.029100 0.000000 0.000000 0.000000 1.000000
-0.803988 0.488348 -0.339293 0.168800 -0.591638 -0.714247 0.373920 0.337400 -0.059736 0.501366 0.863171 -0.029100 0.000000 0.000000 0.000000 1.000000
-0.762404 0.540365 -0.356014 0.168800 -0.646911 -0.623116 0.439583 0.337400 0.015697 0.565449 0.824634 -0.029100 0.000000 0.000000 0.000000 1.000000
-0.717796 0.567623 -0.403205 0.168800 -0.695917 -0.602918 0.390115 0.337400 -0.021661 0.560619 0.827790 -0.029100 0.000000 0.000000 0.000000 1.000000
-0.690398 0.567272 -0.448947 0.168800 -0.701276 -0.677192 0.222762 0.337400 -0.177657 0.468630 0.865346 -0.029100 0.000000 0.000000 0.000000 1.000000
-0.705812 0.554942 -0.440305 0.168800 -0.603189 -0.796728 -0.037247 0.337400 -0.371473 0.239298 0.897075 -0.029100 0.000000 0.000000 0.000000 1.000000
-0.760845 0.517959 -0.390939 0.168800 -0.436560 -0.854271 -0.282199 0.337400 -0.480136 -0.044041 0.876088 -0.029100 0.000000 0.000000 0.000000 1.000000
-0.826522 0.466017 -0.315737 0.168800 -0.307935 -0.843858 -0.439408 0.337400 -0.471209 -0.265954 0.840970 -0.029100 0.000000 0.000000 0.000000 1.000000
-0.881766 0.412326 -0.229076 0.168800 -0.235605 -0.805739 -0.543392 0.337400 -0.408630 -0.425173 0.807619 -0.029100 0.000000 0.000000 0.000000 1.000000
-0.907077 0.387324 -0.164897 0.168800 -0.197697 -0.737777 -0.645446 0.337400 -0.371654 -0.552870 0.745794 -0.029100 0.000000 0.000000 0.000000 1.000000
-0.896446 0.431404 -0.101368 0.168800 -0.201899 -0.601211 -0.773164 0.337400 -0.394490 -0.672633 0.626053 -0.029100 0.000000 0.000000 0.000000 1.000000
-0.874756 0.484551 0.003492 0.168800 -0.222081 -0.394495 -0.891658 0.337400 -0.430676 -0.780759 0.452696 -0.029100 0.000000 0.000000 0.000000 1.000000</float_array>
        <technique_common>
          <accessor source="#UpperArm.L-Matrix-animation-output-transform-array" count="20" stride="16">
            <param type="float4x4"/>
          </accessor>
        </technique_common>
      </source>
      <source id="UpperArm.L-Interpolations">
        <Name_array id="UpperArm.L-Interpolations-array" count="20">
 LINEAR LINEAR LINEAR LINEAR LINEAR LINEAR LINEAR LINEAR LINEAR LINEAR LINEAR
LINEAR LINEAR LINEAR LINEAR LINEAR LINEAR LINEAR LINEAR LINEAR</Name_array>
        <technique_common>
          <accessor source="#UpperArm.L-Interpolations-array" count="20">
            <param type="name"/>
          </accessor>
        </technique_common>
      </source>
      <sampler id="UpperArm.L-Matrix-animation-transform">
        <input semantic="INPUT" source="#UpperArm.L-Matrix-animation-input"/>
        <input semantic="OUTPUT" source="#UpperArm.L-Matrix-animation-output-transform"/>
        <input semantic="INTERPOLATION" source="#UpperArm.L-Interpolations"/>
      </sampler>
      <channel source="#UpperArm.L-Matrix-animation-transform" target="UpperArm.L/matrix"/>
    </animation>
    <animation id="LowerArm.L-anim" name="LowerArm.L">
      <source id="LowerArm.L-Matrix-animation-input">
        <float_array id="LowerArm.L-Matrix-animation-input-array" count="20">

0.000000 0.033333 0.066667 0.100000 0.133333 0.166667 0.200000 0.233333 0.266667 0.300000 0.333333 0.366667 0.400000 0.433333 0.466667 0.500000
0.533333 0.566667 0.600000 0.633333</float_array>
        <technique_common>
          <accessor source="#LowerArm.L-Matrix-animation-input-array" count="20">
            <param name="TIME" type="float"/>
          </accessor>
        </technique_common>
      </source>
      <source id="LowerArm.L-Matrix-animation-output-transform">
        <float_array id="LowerArm.L-Matrix-animation-output-transform-array" count="320">

0.999932 0.002650 0.011315 0.000000 0.009984 0.302361 -0.953141 0.217500 -0.005947 0.953190 0.302314 0.000000 0.000000 0.000000 0.000000 1.000000
0.999937 0.002750 0.010884 0.000000 0.010360 0.147398 -0.989023 0.217500 -0.004324 0.989073 0.147360 0.000000 0.000000 0.000000 0.000000 1.000000
0.999937 0.002756 0.010841 0.000000 0.010382 0.131963 -0.991200 0.217500 -0.004163 0.991251 0.131926 0.000000 0.000000 0.000000 0.000000 1.000000
0.999935 0.002717 0.011068 -0.000000 0.010232 0.213527 -0.976884 0.217500 -0.005017 0.976933 0.213485 0.000000 0.000000 0.000000 0.000000 1.000000
0.999934 0.002701 0.011135 0.000000 0.010174 0.237627 -0.971303 0.217500 -0.005269 0.971353 0.237584 0.000000 0.000000 0.000000 0.000000 1.000000
0.999937 0.002752 0.010867 0.000000 0.010369 0.141444 -0.989892 0.217500 -0.004262 0.989942 0.141406 -0.000000 0.000000 0.000000 0.000000 1.000000
0.999943 0.002776 0.010311 0.000000 0.010456 -0.058402 -0.998238 0.217500 -0.002169 0.998289 -0.058428 0.000000 0.000000 0.000000 0.000000 1.000000
0.999948 0.002709 0.009845 0.000000 0.010203 -0.226087 -0.974054 0.217500 -0.000412 0.974103 -0.226102 0.000000 0.000000 0.000000 0.000000 1.000000
0.999948 0.002700 0.009812 0.000000 0.010173 -0.238076 -0.971193 0.217500 -0.000286 0.971243 -0.238091 -0.000000 0.000000 0.000000 0.000000 1.000000
0.999946 0.002736 0.009978 0.000000 0.010306 -0.178299 -0.983922 0.217500 -0.000913 0.983973 -0.178318 0.000000 0.000000 0.000000 0.000000 1.000000
0.999948 0.002704 0.009828 -0.000000 0.010188 -0.232206 -0.972613 0.217500 -0.000348 0.972663 -0.232222 -0.000000 0.000000 0.000000 0.000000 1.000000
0.999952 0.002573 0.009420 0.000000 0.009692 -0.379128 -0.925294 0.217500 0.001191 0.925341 -0.379135 0.000000 0.000000 0.000000 0.000000 1.000000
0.999955 0.002463 0.009184 0.000000 0.009279 -0.463893 -0.885842 0.217500 0.002079 0.885888 -0.463895 -0.000000 0.000000 0.000000 0.000000 1.000000
0.999954 0.002503 0.009264 0.000000 0.009430 -0.435150 -0.900308 0.217500 0.001778 0.900354 -0.435154 0.000000 0.000000 0.000000 0.000000 1.000000
0.999950 0.002642 0.009608 -0.000000 0.009953 -0.311558 -0.950175 0.217500 0.000483 0.950224 -0.311569 0.000000 0.000000 0.000000 0.000000 1.000000
0.999944 0.002768 0.010216 0.000000 0.010429 -0.092612 -0.995648 0.217500 -0.001810 0.995698 -0.092636 0.000000 0.000000 0.000000 0.000000 1.000000
0.999936 0.002731 0.010995 -0.000000 0.010288 0.187404 -0.982229 0.217500 -0.004743 0.982279 0.187364 0.000000 0.000000 0.000000 0.000000 1.000000
0.999929 0.002530 0.011626 0.000000 0.009532 0.414394 -0.910048 0.217500 -0.007120 0.910094 0.414341 0.000000 0.000000 0.000000 0.000000 1.000000
0.999928 0.002486 0.011719 0.000000 0.009366 0.447713 -0.894128 0.217500 -0.007469 0.894174 0.447657 0.000000 0.000000 0.000000 0.000000 1.000000
0.999932 0.002650 0.011315 0.000000 0.009984 0.302360 -0.953141 0.217500 -0.005947 0.953190 0.302314 0.000000 0.000000 0.000000 0.000000 1.000000</float_array>
        <technique_common>
          <accessor source="#LowerArm.L-Matrix-animation-output-transform-array" count="20" stride="16">
            <param type="float4x4"/>
          </accessor>
        </technique_common>
      </source>
      <source id="LowerArm.L-Interpolations">
        <Name_array id="LowerArm.L-Interpolations-array" count="20">
 LINEAR LINEAR LINEAR LINEAR LINEAR LINEAR LINEAR LINEAR LINEAR LINEAR LINEAR
LINEAR LINEAR LINEAR LINEAR LINEAR LINEAR LINEAR LINEAR LINEAR</Name_array>
        <technique_common>
          <accessor source="#LowerArm.L-Interpolations-array" count="20">
            <param type="name"/>
          </accessor>
        </technique_common>
      </source>
      <sampler id="LowerArm.L-Matrix-animation-transform">
        <input semantic="INPUT" source="#LowerArm.L-Matrix-animation-input"/>
        <input semantic="OUTPUT" source="#LowerArm.L-Matrix-animation-output-transform"/>
        <input semantic="INTERPOLATION" source="#LowerArm.L-Interpolations"/>
      </sampler>
      <channel source="#LowerArm.L-Matrix-animation-transform" target="LowerArm.L/matrix"/>
    </animation>
    <animation id="Hand.L-anim" name="Hand.L">
      <source id="Hand.L-Matrix-animation-input">
        <float_array id="Hand.L-Matrix-animation-input-array" count="20">

0.000000 0.033333 0.066667 0.100000 0.133333 0.166667 0.200000 0.233333 0.266667 0.300000 0.333333 0.366667 0.400000 0.433333 0.466667 0.500000
0.533333 0.566667 0.600000 0.633333</float_array>
        <technique_common>
          <accessor source="#Hand.L-Matrix-animation-input-array" count="20">
            <param name="TIME" type="float"/>
          </accessor>
        </technique_common>
      </source>
      <source id="Hand.L-Matrix-animation-output-transform">
        <float_array id="Hand.L-Matrix-animation-output-transform-array" count="320">

0.983170 0.042276 -0.177734 0.000000 -0.030383 0.997146 0.069113 0.214100 0.180149 -0.062550 0.981649 -0.000000 0.000000 0.000000 0.000000 1.000000
