<?xml version="1.0" encoding="utf-8"?>
<COLLADA xmlns="http://www.collada.org/2005/11/COLLADASchema" version="1.4.1">
  <asset>
    <contributor>
      <author>Mixamo</author>
      <authoring_tool>COLLADA Mixamo exporter</authoring_tool>
      <comments/>
    </contributor>
    <created>2021-12-15T18:04:22Z</created>
    <modified>2021-12-15T18:04:22Z</modified>
    <revision/>
    <title/>
    <unit meter="0.010000"/>
    <up_axis>Y_UP</up_axis>
  </asset>
  <library_animations>
    <animation id="Armature-anim" name="Armature">
      <source id="Armature-Matrix-animation-input">
        <float_array id="Armature-Matrix-animation-input-array" count="32">

0.000000 0.033333 0.066667 0.100000 0.133333 0.166667 0.200000 0.233333 0.266667 0.300000 0.333333 0.366667 0.400000 0.433333 0.466667 0.500000
0.533333 0.566667 0.600000 0.633333 0.666667 0.700000 0.733333 0.766667 0.800000 0.833333 0.866667 0.900000 0.933333 0.966667 1.000000 1.033333</float_array>
        <technique_common>
          <accessor source="#Armature-Matrix-animation-input-array" count="32">
            <param name="TIME" type="float"/>
          </accessor>
        </technique_common>
      </source>
      <source id="Armature-Matrix-animation-output-transform">
        <float_array id="Armature-Matrix-animation-output-transform-array" count="512">

99.939422 -3.355531 -0.923197 0.654061 1.036783 3.383554 99.937364 -0.006386 -3.322193 -99.886395 3.416294 -7.789890 0.000000 0.000000 0.000000 1.000000
99.964675 -2.463765 -0.996784 0.903541 1.105147 4.424488 99.895959 0.484482 -2.417099 -99.871687 4.450153 -9.081284 0.000000 0.000000 0.000000 1.000000
99.990506 -1.355367 -0.248548 0.508353 0.323437 5.551466 99.845263 0.289650 -1.339471 -99.836588 5.555322 -10.360956 0.000000 0.000000 0.000000 1.000000
99.970013 0.721307 2.340152 -1.386938 -2.381173 6.331138 99.770971 -0.592415 0.571496 -99.796776 6.346415 -11.213350 0.000000 0.000000 0.000000 1.000000
99.823301 3.439975 4.845122 -3.196694 -5.064343 6.600933 99.653300 -1.958733 3.108226 -99.722586 6.763482 -11.508691 0.000000 0.000000 0.000000 1.000000
99.684491 5.422718 5.796237 -3.679949 -6.164080 6.881892 99.572304 -3.453613 5.000634 -99.615429 7.194440 -11.799650 0.000000 0.000000 0.000000 1.000000
99.629454 6.501628 5.630346 -3.185459 -6.077860 6.903813 99.576086 -4.717567 6.085358 -99.549315 7.273391 -11.892170 0.000000 0.000000 0.000000 1.000000
99.724909 6.063546 4.263318 -1.639126 -4.584948 5.267979 99.755835 -5.896080 5.824151 -99.676887 5.531498 -9.922078 0.000000 0.000000 0.000000 1.000000
99.821645 5.003916 3.255764 -0.267952 -3.456970 3.988444 99.860611 -6.468117 4.867087 -99.795056 4.154314 -7.762542 0.000000 0.000000 0.000000 1.000000
99.895215 3.892997 2.406373 1.035031 -2.517496 2.831067 99.928211 -6.684280 3.822077 -99.884081 2.926107 -5.868970 0.000000 0.000000 0.000000 1.000000
99.940537 2.678584 2.171244 1.760810 -2.219917 1.800965 99.959134 -6.680679 2.638386 -99.947895 1.859357 -4.313909 0.000000 0.000000 0.000000 1.000000
99.969764 1.335818 2.064447 2.345541 -2.076588 0.901510 99.974372 -6.320564 1.316865 -99.987014 0.928976 -3.169613 0.000000 0.000000 0.000000 1.000000
99.984052 -0.023316 1.785735 2.941829 -1.785702 0.132797 99.983967 -5.653625 -0.025683 -99.999909 0.132359 -2.544730 0.000000 0.000000 0.000000 1.000000
99.980260 -1.375377 1.433883 3.336440 -1.440929 -0.503741 99.988349 -4.488312 -1.367993 -99.989272 -0.523460 -2.280291 0.000000 0.000000 0.000000 1.000000
99.957388 -2.738212 1.011291 3.549973 -1.039209 -1.007273 99.989527 -3.170555 -2.727739 -99.957429 -1.035299 -2.267629 0.000000 0.000000 0.000000 1.000000
99.915372 -4.089958 0.436585 3.709076 -0.493345 -1.378735 99.989278 -2.098839 -4.083500 -99.906813 -1.397746 -2.252874 0.000000 0.000000 0.000000 1.000000
99.852855 -5.415572 -0.281120 3.993770 0.206631 -1.380564 99.990256 -1.301895 -5.418925 -99.843706 -1.367343 -2.424574 0.000000 0.000000 0.000000 1.000000
99.772335 -6.679635 -0.929331 4.243314 0.868209 -0.943489 99.991780 -1.017052 -6.687854 -99.772202 -0.883348 -2.968277 0.000000 0.000000 0.000000 1.000000
99.678063 -7.866608 -1.549269 4.442324 1.557056 0.037645 99.987870 -1.253677 -7.865071 -99.690095 0.160011 -3.956419 0.000000 0.000000 0.000000 1.000000
99.475175 -9.642923 -3.421051 5.619752 3.562526 1.298766 99.928082 -1.831039 -9.591557 -99.525510 1.635481 -5.120176 0.000000 0.000000 0.000000 1.000000
99.192980 -11.614740 -5.084342 6.603276 5.428410 2.665277 99.816976 -2.813599 -11.457970 -99.287432 3.274263 -6.309257 0.000000 0.000000 0.000000 1.000000
98.999948 -12.794070 -5.943243 6.936667 6.532072 4.232708 99.696621 -3.858009 -12.503696 -99.087819 5.026097 -7.797364 0.000000 0.000000 0.000000 1.000000
99.012917 -12.878796 -5.529821 6.109884 6.153774 4.498072 99.709069 -5.084312 -12.592592 -99.065150 5.246204 -7.792091 0.000000 0.000000 0.000000 1.000000
99.246016 -11.761219 -3.449935 3.796091 3.836028 3.072284 99.879157 -6.193695 -11.641014 -99.258424 3.500283 -5.671153 0.000000 0.000000 0.000000 1.000000
99.424624 -10.519190 -2.022579 2.014706 2.311743 2.634287 99.938563 -6.669785 -10.459447 -99.410297 2.862307 -4.471146 0.000000 0.000000 0.000000 1.000000
99.553308 -9.357292 -1.256958 0.815774 1.499538 2.526636 99.956828 -6.737396 -9.321493 -99.529178 2.655666 -3.841893 0.000000 0.000000 0.000000 1.000000
99.659805 -8.149081 -1.231134 0.233183 1.453789 2.678602 99.953547 -6.114380 -8.112318 -99.631409 2.787960 -3.709553 0.000000 0.000000 0.000000 1.000000
99.744187 -7.027504 -1.308208 -0.109944 1.520782 2.979951 99.944020 -5.189156 -6.984586 -99.708245 3.079201 -4.379888 0.000000 0.000000 0.000000 1.000000
99.810229 -6.015366 -1.316679 -0.149868 1.518274 3.318009 99.933406 -3.938538 -5.967672 -99.763752 3.403042 -5.403113 0.000000 0.000000 0.000000 1.000000
99.862467 -5.065264 -1.353065 0.170828 1.535358 3.577449 99.924194 -2.441650 -5.013019 -99.807540 3.650298 -6.329130 0.000000 0.000000 0.000000 1.000000
99.904597 -4.183269 -1.253701 0.523216 1.406338 3.639487 99.923853 -1.027122 -4.134455 -99.846154 3.694846 -7.172324 0.000000 0.000000 0.000000 1.000000
99.939422 -3.355531 -0.923197 0.654063 1.036783 3.383554 99.937364 -0.006386 -3.322192 -99.886395 3.416294 -7.789891 0.000000 0.000000 0.000000 1.000000</float_array>
        <technique_common>
          <accessor source="#Armature-Matrix-animation-output-transform-array" count="32" stride="16">
            <param type="float4x4"/>
          </accessor>
        </technique_common>
      </source>
      <source id="Armature-Interpolations">
        <Name_array id="Armature-Interpolations-array" count="32">
 LINEAR LINEAR LINEAR LINEAR LINEAR LINEAR LINEAR LINEAR LINEAR LINEAR LINEAR
LINEAR LINEAR LINEAR LINEAR LINEAR LINEAR LINEAR LINEAR LINEAR LINEAR LINEAR LINEAR
LINEAR LINEAR LINEAR LINEAR LINEAR LINEAR LINEAR LINEAR LINEAR</Name_array>
        <technique_common>
          <accessor source="#Armature-Interpolations-array" count="32">
            <param type="name"/>
          </accessor>
        </technique_common>
      </source>
      <sampler id="Armature-Matrix-animation-transform">
        <input semantic="INPUT" source="#Armature-Matrix-animation-input"/>
        <input semantic="OUTPUT" source="#Armature-Matrix-animation-output-transform"/>
        <input semantic="INTERPOLATION" source="#Armature-Interpolations"/>
      </sampler>
      <channel source="#Armature-Matrix-animation-transform" target="Armature/matrix"/>
    </animation>
    <animation id="Root-anim" name="Root">
      <source id="Root-Matrix-animation-input">
        <float_array id="Root-Matrix-animation-input-array" count="32">

0.000000 0.033333 0.066667 0.100000 0.133333 0.166667 0.200000 0.233333 0.266667 0.300000 0.333333 0.366667 0.400000 0.433333 0.466667 0.500000
0.533333 0.566667 0.600000 0.633333 0.666667 0.700000 0.733333 0.766667 0.800000 0.833333 0.866667 0.900000 0.933333 0.966667 1.000000 1.033333</float_array>
        <technique_common>
          <accessor source="#Root-Matrix-animation-input-array" count="32">
            <param name="TIME" type="float"/>
          </accessor>
        </technique_common>
      </source>
      <source id="Root-Matrix-animation-output-transform">
        <float_array id="Root-Matrix-animation-output-transform-array" count="512">

1.000000 -0.000000 -0.000000 0.000000 -0.000000 0.000000 -1.000000 0.000000 0.000000 1.000000 0.000000 0.000000 0.000000 0.000000 0.000000 1.000000
1.000000 0.000000 -0.000000 0.000000 0.000000 0.000000 -1.000000 0.000000 0.000000 1.000000 0.000000 0.000000 0.000000 0.000000 0.000000 1.000000
1.000000 -0.000000 0.000000 0.000000 -0.000000 0.000000 -1.000000 0.000000 0.000000 1.000000 0.000000 0.000000 0.000000 0.000000 0.000000 1.000000
1.000000 0.000000 0.000000 0.000000 0.000000 0.000000 -1.000000 0.000000 0.000000 1.000000 0.000000 0.000000 0.000000 0.000000 0.000000 1.000000
1.000000 0.000000 -0.000000 0.000000 0.000000 0.000000 -1.000000 0.000000 0.000000 1.000000 0.000000 0.000000 0.000000 0.000000 0.000000 1.000000
1.000000 0.000000 -0.000000 0.000000 -0.000000 0.000000 -1.000000 0.000000 -0.000000 1.000000 0.000000 0.000000 0.000000 0.000000 0.000000 1.000000
1.000000 0.000000 -0.000000 0.000000 -0.000000 0.000000 -1.000000 0.000000 0.000000 1.000000 0.000000 0.000000 0.000000 0.000000 0.000000 1.000000
1.000000 0.000000 0.000000 0.000000 0.000000 0.000000 -1.000000 0.000000 0.000000 1.000000 0.000000 0.000000 0.000000 0.000000 0.000000 1.000000
1.000000 -0.000000 0.000000 0.000000 0.000000 0.000000 -1.000000 0.000000 0.000000 1.000000 0.000000 0.000000 0.000000 0.000000 0.000000 1.000000
1.000000 -0.000000 -0.000000 0.000000 0.000000 0.000000 -1.000000 0.000000 0.000000 1.000000 0.000000 0.000000 0.000000 0.000000 0.000000 1.000000
1.000000 -0.000000 0.000000 0.000000 0.000000 0.000000 -1.000000 0.000000 -0.000000 1.000000 0.000000 0.000000 0.000000 0.000000 0.000000 1.000000
1.000000 -0.000000 -0.000000 0.000000 0.000000 0.000000 -1.000000 0.000000 0.000000 1.000000 0.000000 0.000000 0.000000 0.000000 0.000000 1.000000
1.000000 0.000000 -0.000000 0.000000 -0.000000 0.000000 -1.000000 0.000000 -0.000000 1.000000 0.000000 0.000000 0.000000 0.000000 0.000000 1.000000
1.000000 0.000000 -0.000000 0.000000 0.000000 0.000000 -1.000000 0.000000 -0.000000 1.000000 0.000000 0.000000 0.000000 0.000000 0.000000 1.000000
1.000000 0.000000 0.000000 0.000000 -0.000000 0.000000 -1.000000 0.000000 0.000000 1.000000 0.000000 0.000000 0.000000 0.000000 0.000000 1.000000
1.000000 -0.000000 0.000000 0.000000 0.000000 0.000000 -1.000000 0.000000 0.000000 1.000000 0.000000 0.000000 0.000000 0.000000 0.000000 1.000000
1.000000 -0.000000 -0.000000 0.000000 -0.000000 0.000000 -1.000000 0.000000 0.000000 1.000000 0.000000 0.000000 0.000000 0.000000 0.000000 1.000000
1.000000 0.000000 0.000000 0.000000 0.000000 0.000000 -1.000000 0.000000 0.000000 1.000000 0.000000 0.000000 0.000000 0.000000 0.000000 1.000000
1.000000 -0.000000 0.000000 0.000000 0.000000 0.000000 -1.000000 0.000000 0.000000 1.000000 0.000000 0.000000 0.000000 0.000000 0.000000 1.000000
1.000000 -0.000000 0.000000 0.000000 0.000000 0.000000 -1.000000 0.000000 0.000000 1.000000 0.000000 0.000000 0.000000 0.000000 0.000000 1.000000
1.000000 0.000000 0.000000 0.000000 0.000000 0.000000 -1.000000 0.000000 -0.000000 1.000000 0.000000 0.000000 0.000000 0.000000 0.000000 1.000000
1.000000 -0.000000 0.000000 0.000000 0.000000 0.000000 -1.000000 0.000000 0.000000 1.000000 0.000000 0.000000 0.000000 0.000000 0.000000 1.000000
1.000000 -0.000000 -0.000000 0.000000 0.000000 0.000000 -1.000000 0.000000 -0.000000 1.000000 0.000000 0.000000 0.000000 0.000000 0.000000 1.000000
1.000000 -0.000000 0.000000 0.000000 0.000000 0.000000 -1.000000 0.000000 -0.000000 1.000000 0.000000 0.000000 0.000000 0.000000 0.000000 1.000000
1.000000 0.000000 0.000000 0.000000 0.000000 0.000000 -1.000000 0.000000 -0.000000 1.000000 0.000000 0.000000 0.000000 0.000000 0.000000 1.000000
1.000000 0.000000 0.000000 0.000000 0.000000 0.000000 -1.000000 0.000000 0.000000 1.000000 0.000000 0.000000 0.000000 0.000000 0.000000 1.000000
1.000000 0.000000 0.000000 0.000000 0.000000 0.000000 -1.000000 0.000000 -0.000000 1.000000 0.000000 0.000000 0.000000 0.000000 0.000000 1.000000
1.000000 -0.000000 -0.000000 0.000000 0.000000 0.000000 -1.000000 0.000000 0.000000 1.000000 0.000000 0.000000 0.000000 0.000000 0.000000 1.000000
1.000000 0.000000 -0.000000 0.000000 -0.000000 0.000000 -1.000000 0.000000 0.000000 1.000000 0.000000 0.000000 0.000000 0.000000 0.000000 1.000000
1.000000 -0.000000 0.000000 0.000000 0.000000 0.000000 -1.000000 0.000000 0.000000 1.000000 0.000000 0.000000 0.000000 0.000000 0.000000 1.000000
1.000000 -0.000000 0.000000 0.000000 0.000000 0.000000 -1.000000 0.000000 0.000000 1.000000 0.000000 0.000000 0.000000 0.000000 0.000000 1.000000
1.000000 0.000000 -0.000000 0.000000 -0.000000 0.000000 -1.000000 0.000000 0.000000 1.000000 0.000000 0.000000 0.000000 0.000000 0.000000 1.000000</float_array>
        <technique_common>
          <accessor source="#Root-Matrix-animation-output-transform-array" count="32" stride="16">
            <param type="float4x4"/>
          </accessor>
        </technique_common>
      </source>
      <source id="Root-Interpolations">
        <Name_array id="Root-Interpolations-array" count="32">
 LINEAR LINEAR LINEAR LINEAR LINEAR LINEAR LINEAR LINEAR LINEAR LINEAR LINEAR
LINEAR LINEAR LINEAR LINEAR LINEAR LINEAR LINEAR LINEAR LINEAR LINEAR LINEAR LINEAR
LINEAR LINEAR LINEAR LINEAR LINEAR LINEAR LINEAR LINEAR LINEAR</Name_array>
        <technique_common>
          <accessor source="#Root-Interpolations-array" count="32">
            <param type="name"/>
          </accessor>
        </technique_common>
      </source>
      <sampler id="Root-Matrix-animation-transform">
        <input semantic="INPUT" source="#Root-Matrix-animation-input"/>
        <input semantic="OUTPUT" source="#Root-Matrix-animation-output-transform"/>
        <input semantic="INTERPOLATION" source="#Root-Interpolations"/>
      </sampler>
      <channel source="#Root-Matrix-animation-transform" target="Root/matrix"/>
    </animation>
    <animation id="Hip-anim" name="Hip">
      <source id="Hip-Matrix-animation-input">
        <float_array id="Hip-Matrix-animation-input-array" count="32">

0.000000 0.033333 0.066667 0.100000 0.133333 0.166667 0.200000 0.233333 0.266667 0.300000 0.333333 0.366667 0.400000 0.433333 0.466667 0.500000
0.533333 0.566667 0.600000 0.633333 0.666667 0.700000 0.733333 0.766667 0.800000 0.833333 0.866667 0.900000 0.933333 0.966667 1.000000 1.033333</float_array>
        <technique_common>
          <accessor source="#Hip-Matrix-animation-input-array" count="32">
            <param name="TIME" type="float"/>
          </accessor>
        </technique_common>
      </source>
      <source id="Hip-Matrix-animation-output-transform">
        <float_array id="Hip-Matrix-animation-output-transform-array" count="512">

1.000000 -0.000000 0.000000 0.000000 0.000000 0.994805 -0.101798 0.813400 0.000000 0.101798 0.994805 0.039800 0.000000 0.000000 0.000000 1.000000
1.000000 -0.000000 -0.000000 0.000000 0.000000 0.994805 -0.101798 0.813400 0.000000 0.101798 0.994805 0.039800 0.000000 0.000000 0.000000 1.000000
1.000000 0.000000 -0.000000 0.000000 -0.000000 0.994805 -0.101798 0.813400 0.000000 0.101798 0.994805 0.039800 0.000000 0.000000 0.000000 1.000000
1.000000 0.000000 0.000000 0.000000 0.000000 0.994805 -0.101798 0.813400 0.000000 0.101798 0.994805 0.039800 0.000000 0.000000 0.000000 1.000000
1.000000 0.000000 0.000000 0.000000 0.000000 0.994805 -0.101798 0.813400 -0.000000 0.101798 0.994805 0.039800 0.000000 0.000000 0.000000 1.000000
1.000000 0.000000 -0.000000 0.000000 -0.000000 0.994805 -0.101798 0.813400 0.000000 0.101798 0.994805 0.039800 0.000000 0.000000 0.000000 1.000000
1.000000 0.000000 0.000000 0.000000 -0.000000 0.994805 -0.101798 0.813400 0.000000 0.101798 0.994805 0.039800 0.000000 0.000000 0.000000 1.000000
1.000000 0.000000 0.000000 0.000000 -0.000000 0.994805 -0.101798 0.813400 -0.000000 0.101798 0.994805 0.039800 0.000000 0.000000 0.000000 1.000000
1.000000 0.000000 -0.000000 0.000000 0.000000 0.994805 -0.101798 0.813400 -0.000000 0.101798 0.994805 0.039800 0.000000 0.000000 0.000000 1.000000
1.000000 -0.000000 0.000000 0.000000 -0.000000 0.994805 -0.101798 0.813400 -0.000000 0.101798 0.994805 0.039800 0.000000 0.000000 0.000000 1.000000
1.000000 0.000000 -0.000000 0.000000 -0.000000 0.994805 -0.101798 0.813400 -0.000000 0.101798 0.994805 0.039800 0.000000 0.000000 0.000000 1.000000
1.000000 0.000000 -0.000000 0.000000 -0.000000 0.994805 -0.101798 0.813400 -0.000000 0.101798 0.994805 0.039800 0.000000 0.000000 0.000000 1.000000
1.000000 0.000000 -0.000000 -0.000000 -0.000000 0.994805 -0.101798 0.813400 0.000000 0.101798 0.994805 0.039800 0.000000 0.000000 0.000000 1.000000
1.000000 -0.000000 -0.000000 -0.000000 0.000000 0.994805 -0.101798 0.813400 -0.000000 0.101798 0.994805 0.039800 0.000000 0.000000 0.000000 1.000000
1.000000 0.000000 0.000000 -0.000000 -0.000000 0.994805 -0.101798 0.813400 -0.000000 0.101798 0.994805 0.039800 0.000000 0.000000 0.000000 1.000000
1.000000 0.000000 0.000000 0.000000 0.000000 0.994805 -0.101798 0.813400 -0.000000 0.101798 0.994805 0.039800 0.000000 0.000000 0.000000 1.000000
1.000000 -0.000000 -0.000000 0.000000 0.000000 0.994805 -0.101798 0.813400 0.000000 0.101798 0.994805 0.039800 0.000000 0.000000 0.000000 1.000000
1.000000 0.000000 -0.000000 0.000000 0.000000 0.994805 -0.101798 0.813400 0.000000 0.101798 0.994805 0.039800 0.000000 0.000000 0.000000 1.000000
1.000000 0.000000 0.000000 -0.000000 0.000000 0.994805 -0.101798 0.813400 0.000000 0.101798 0.994805 0.039800 0.000000 0.000000 0.000000 1.000000
1.000000 -0.000000 -0.000000 -0.000000 0.000000 0.994805 -0.101798 0.813400 0.000000 0.101798 0.994805 0.039800 0.000000 0.000000 0.000000 1.000000
1.000000 0.000000 -0.000000 0.000000 -0.000000 0.994805 -0.101798 0.813400 0.000000 0.101798 0.994805 0.039800 0.000000 0.000000 0.000000 1.000000
1.000000 -0.000000 0.000000 0.000000 -0.000000 0.994805 -0.101798 0.813400 0.000000 0.101798 0.994805 0.039800 0.000000 0.000000 0.000000 1.000000
1.000000 -0.000000 0.000000 -0.000000 -0.000000 0.994805 -0.101798 0.813400 0.000000 0.101798 0.994805 0.039800 0.000000 0.000000 0.000000 1.000000
1.000000 0.000000 0.000000 0.000000 0.000000 0.994805 -0.101798 0.813400 0.000000 0.101798 0.994805 0.039800 0.000000 0.000000 0.000000 1.000000
1.000000 0.000000 0.000000 0.000000 0.000000 0.994805 -0.101798 0.813400 0.000000 0.101798 0.994805 0.039800 0.000000 0.000000 0.000000 1.000000
1.000000 0.000000 -0.000000 0.000000 0.000000 0.994805 -0.101798 0.813400 0.000000 0.101798 0.994805 0.039800 0.000000 0.000000 0.000000 1.000000
1.000000 0.000000 0.000000 -0.000000 0.000000 0.994805 -0.101798 0.813400 -0.000000 0.101798 0.994805 0.039800 0.000000 0.000000 0.000000 1.000000
1.000000 0.000000 0.000000 0.000000 -0.000000 0.994805 -0.101798 0.813400 0.000000 0.101798 0.994805 0.039800 0.000000 0.000000 0.000000 1.000000
1.000000 -0.000000 0.000000 -0.000000 -0.000000 0.994805 -0.101798 0.813400 0.000000 0.101798 0.994805 0.039800 0.000000 0.000000 0.000000 1.000000
1.000000 -0.000000 0.000000 -0.000000 -0.000000 0.994805 -0.101798 0.813400 -0.000000 0.101798 0.994805 0.039800 0.000000 0.000000 0.000000 1.000000
1.000000 0.000000 0.000000 0.000000 -0.000000 0.994805 -0.101798 0.813400 -0.000000 0.101798 0.994805 0.039800 0.000000 0.000000 0.000000 1.000000
1.000000 0.000000 0.000000 0.000000 0.000000 0.994805 -0.101798 0.813400 -0.000000 0.101798 0.994805 0.039800 0.000000 0.000000 0.000000 1.000000</float_array>
        <technique_common>
          <accessor source="#Hip-Matrix-animation-output-transform-array" count="32" stride="16">
            <param type="float4x4"/>
          </accessor>
        </technique_common>
      </source>
      <source id="Hip-Interpolations">
        <Name_array id="Hip-Interpolations-array" count="32">
 LINEAR LINEAR LINEAR LINEAR LINEAR LINEAR LINEAR LINEAR LINEAR LINEAR LINEAR
LINEAR LINEAR LINEAR LINEAR LINEAR LINEAR LINEAR LINEAR LINEAR LINEAR LINEAR LINEAR
LINEAR LINEAR LINEAR LINEAR LINEAR LINEAR LINEAR LINEAR LINEAR</Name_array>
        <technique_common>
          <accessor source="#Hip-Interpolations-array" count="32">
            <param type="name"/>
          </accessor>
        </technique_common>
      </source>
      <sampler id="Hip-Matrix-animation-transform">
        <input semantic="INPUT" source="#Hip-Matrix-animation-input"/>
        <input semantic="OUTPUT" source="#Hip-Matrix-animation-output-transform"/>
        <input semantic="INTERPOLATION" source="#Hip-Interpolations"/>
      </sampler>
      <channel source="#Hip-Matrix-animation-transform" target="Hip/matrix"/>
    </animation>
    <animation id="Chest-anim" name="Chest">
      <source id="Chest-Matrix-animation-input">
        <float_array id="Chest-Matrix-animation-input-array" count="32">

0.000000 0.033333 0.066667 0.100000 0.133333 0.166667 0.200000 0.233333 0.266667 0.300000 0.333333 0.366667 0.400000 0.433333 0.466667 0.500000
0.533333 0.566667 0.600000 0.633333 0.666667 0.700000 0.733333 0.766667 0.800000 0.833333 0.866667 0.900000 0.933333 0.966667 1.000000 1.033333</float_array>
        <technique_common>
          <accessor source="#Chest-Matrix-animation-input-array" count="32">
            <param name="TIME" type="float"/>
          </accessor>
        </technique_common>
      </source>
      <source id="Chest-Matrix-animation-output-transform">
        <float_array id="Chest-Matrix-animation-output-transform-array" count="512">

0.999664 0.013311 -0.022246 0.000000 -0.011323 0.996125 0.087215 0.238000 0.023321 -0.086934 0.995941 0.000000 0.000000 0.000000 0.000000 1.000000
0.999891 0.013581 -0.005870 -0.000000 -0.012970 0.995497 0.093902 0.238000 0.007119 -0.093815 0.995564 0.000000 0.000000 0.000000 0.000000 1.000000
0.999940 -0.000929 0.010933 0.000000 -0.000185 0.994836 0.101491 0.238000 -0.010971 -0.101487 0.994776 0.000000 0.000000 0.000000 0.000000 1.000000
0.998428 -0.043346 0.035542 0.000000 0.039160 0.993047 0.111012 0.238000 -0.040106 -0.109445 0.993183 0.000000 0.000000 0.000000 0.000000 1.000000
0.995419 -0.077243 0.056345 0.000000 0.069867 0.989965 0.122832 0.238000 -0.065267 -0.118332 0.990827 0.000000 0.000000 0.000000 0.000000 1.000000
0.994713 -0.081642 0.062295 0.000000 0.072863 0.988553 0.132114 0.238000 -0.072368 -0.126876 0.989275 0.000000 0.000000 0.000000 0.000000 1.000000
0.995281 -0.068757 0.068477 -0.000000 0.059241 0.989420 0.132432 0.238000 -0.076858 -0.127751 0.988824 0.000000 0.000000 0.000000 0.000000 1.000000
0.996412 -0.040721 0.074200 0.000000 0.031264 0.991736 0.124425 0.238000 -0.078654 -0.121659 0.989451 -0.000000 0.000000 0.000000 0.000000 1.000000
0.997095 -0.017962 0.074025 -0.000000 0.008061 0.991226 0.131932 0.238000 -0.075745 -0.130952 0.988491 0.000000 0.000000 0.000000 0.000000 1.000000
0.997516 0.006437 0.070145 0.000000 -0.015813 0.990864 0.133935 0.238000 -0.068642 -0.134712 0.988504 0.000000 0.000000 0.000000 0.000000 1.000000
0.997517 0.012631 0.069284 -0.000000 -0.021568 0.991303 0.129817 0.238000 -0.067042 -0.130989 0.989114 0.000000 0.000000 0.000000 0.000000 1.000000
0.998419 0.009812 0.055347 0.000000 -0.016657 0.992066 0.124611 0.238000 -0.053685 -0.125336 0.990661 -0.000000 0.000000 0.000000 0.000000 1.000000
0.999763 0.005037 0.021196 0.000000 -0.007507 0.992969 0.118138 0.238000 -0.020452 -0.118269 0.992771 0.000000 0.000000 0.000000 0.000000 1.000000
0.999914 0.000773 -0.013120 -0.000000 0.000687 0.993827 0.110938 0.238000 0.013124 -0.110938 0.993741 -0.000000 0.000000 0.000000 0.000000 1.000000
0.999333 0.000541 -0.036503 0.000000 0.003332 0.994365 0.105960 0.238000 0.036355 -0.106011 0.993700 0.000000 0.000000 0.000000 0.000000 1.000000
0.998432 0.009239 -0.055208 0.000000 -0.003299 0.994284 0.106720 0.238000 0.055879 -0.106371 0.992755 0.000000 0.000000 0.000000 0.000000 1.000000
0.997108 0.018764 -0.073643 0.000000 -0.010637 0.993959 0.109232 0.238000 0.075247 -0.108133 0.991285 0.000000 0.000000 0.000000 0.000000 1.000000
0.995625 0.026225 -0.089684 0.000000 -0.016498 0.994065 0.107531 0.238000 0.091972 -0.105581 0.990148 0.000000 0.000000 0.000000 0.000000 1.000000
0.994178 0.036363 -0.101427 0.000000 -0.025392 0.993889 0.107426 0.238000 0.104714 -0.104225 0.989026 0.000000 0.000000 0.000000 0.000000 1.000000
0.990943 0.067818 -0.115899 0.000000 -0.054364 0.991814 0.115536 0.238000 0.122786 -0.108189 0.986518 0.000000 0.000000 0.000000 0.000000 1.000000
0.987836 0.092887 -0.124711 0.000000 -0.076634 0.988635 0.129333 0.238000 0.135308 -0.118203 0.983728 0.000000 0.000000 0.000000 0.000000 1.000000
0.988157 0.094006 -0.121277 0.000000 -0.076828 0.987269 0.139277 0.238000 0.132826 -0.128310 0.982799 0.000000 0.000000 0.000000 0.000000 1.000000
0.990429 0.079356 -0.112933 0.000000 -0.063805 0.988761 0.135208 0.238000 0.122393 -0.126709 0.984360 0.000000 0.000000 0.000000 0.000000 1.000000
0.993415 0.047166 -0.104417 0.000000 -0.034380 0.992053 0.121030 0.238000 0.109295 -0.116643 0.987142 0.000000 0.000000 0.000000 0.000000 1.000000
0.993795 0.020999 -0.109226 0.000000 -0.007620 0.992563 0.121494 0.238000 0.110965 -0.119908 0.986564 -0.000000 0.000000 0.000000 0.000000 1.000000
0.992519 0.014534 -0.121226 -0.000000 0.000797 0.992097 0.125473 0.238000 0.122091 -0.124631 0.984663 0.000000 0.000000 0.000000 0.000000 1.000000
0.993356 0.021165 -0.113119 -0.000000 -0.006529 0.991724 0.128226 0.238000 0.114897 -0.126635 0.985273 -0.000000 0.000000 0.000000 0.000000 1.000000
0.996049 0.028741 -0.084031 0.000000 -0.018418 0.992465 0.121140 0.238000 0.086880 -0.119114 0.989072 0.000000 0.000000 0.000000 0.000000 1.000000
0.997903 0.030951 -0.056839 -0.000000 -0.024391 0.993330 0.112693 0.238000 0.059948 -0.111070 0.992003 0.000000 0.000000 0.000000 0.000000 1.000000
0.998804 0.028068 -0.040033 -0.000000 -0.023576 0.993810 0.108564 0.238000 0.042832 -0.107490 0.993283 0.000000 0.000000 0.000000 0.000000 1.000000
0.999325 0.021653 -0.029665 0.000000 -0.018543 0.994677 0.101362 0.238000 0.031702 -0.100743 0.994407 -0.000000 0.000000 0.000000 0.000000 1.000000
0.999664 0.013311 -0.022246 0.000000 -0.011323 0.996125 0.087215 0.238000 0.023321 -0.086934 0.995941 -0.000000 0.000000 0.000000 0.000000 1.000000</float_array>
        <technique_common>
          <accessor source="#Chest-Matrix-animation-output-transform-array" count="32" stride="16">
            <param type="float4x4"/>
          </accessor>
        </technique_common>
      </source>
      <source id="Chest-Interpolations">
        <Name_array id="Chest-Interpolations-array" count="32">
 LINEAR LINEAR LINEAR LINEAR LINEAR LINEAR LINEAR LINEAR LINEAR LINEAR LINEAR
LINEAR LINEAR LINEAR LINEAR LINEAR LINEAR LINEAR LINEAR LINEAR LINEAR LINEAR LINEAR
LINEAR LINEAR LINEAR LINEAR LINEAR LINEAR LINEAR LINEAR LINEAR</Name_array>
        <technique_common>
          <accessor source="#Chest-Interpolations-array" count="32">
            <param type="name"/>
          </accessor>
        </technique_common>
      </source>
      <sampler id="Chest-Matrix-animation-transform">
        <input semantic="INPUT" source="#Chest-Matrix-animation-input"/>
        <input semantic="OUTPUT" source="#Chest-Matrix-animation-output-transform"/>
        <input semantic="INTERPOLATION" source="#Chest-Interpolations"/>
      </sampler>
      <channel source="#Chest-Matrix-animation-transform" target="Chest/matrix"/>
    </animation>
    <animation id="Neck-anim" name="Neck">
      <source id="Neck-Matrix-animation-input">
        <float_array id="Neck-Matrix-animation-input-array" count="32">

0.000000 0.033333 0.066667 0.100000 0.133333 0.166667 0.200000 0.233333 0.266667 0.300000 0.333333 0.366667 0.400000 0.433333 0.466667 0.500000
0.533333 0.566667 0.600000 0.633333 0.666667 0.700000 0.733333 0.766667 0.800000 0.833333 0.866667 0.900000 0.933333 0.966667 1.000000 1.033333</float_array>
        <technique_common>
          <accessor source="#Neck-Matrix-animation-input-array" count="32">
            <param name="TIME" type="float"/>
          </accessor>
        </technique_common>
      </source>
      <source id="Neck-Matrix-animation-output-transform">
        <float_array id="Neck-Matrix-animation-output-transform-array" count="512">

0.998069 -0.048632 -0.038642 0.000000 0.033437 0.944923 -0.325579 0.429300 0.052348 0.323658 0.944725 -0.000000 0.000000 0.000000 0.000000 1.000000
0.999349 -0.024218 -0.026758 0.000000 0.014452 0.947915 -0.318195 0.429300 0.033070 0.317601 0.947648 -0.000000 0.000000 0.000000 0.000000 1.000000
0.999868 0.001203 -0.016177 0.000000 -0.006157 0.950767 -0.309846 0.429300 0.015008 0.309905 0.950649 -0.000000 0.000000 0.000000 0.000000 1.000000
0.999571 0.028120 -0.008135 0.000000 -0.029261 0.951550 -0.306098 0.429300 -0.000867 0.306205 0.951965 0.000000 0.000000 0.000000 0.000000 1.000000
0.998951 0.045590 0.004291 0.000000 -0.042053 0.950439 -0.308055 0.429300 -0.018123 0.307552 0.951359 0.000000 0.000000 0.000000 0.000000 1.000000
0.998381 0.050563 0.026039 0.000000 -0.040099 0.950473 -0.308208 0.429300 -0.040333 0.306665 0.950962 0.000000 0.000000 0.000000 0.000000 1.000000
0.997439 0.051996 0.049104 0.000000 -0.034489 0.951196 -0.306653 0.429300 -0.062652 0.304174 0.950554 -0.000000 0.000000 0.000000 0.000000 1.000000
0.996307 0.056643 0.064522 0.000000 -0.034078 0.950658 -0.308363 0.429300 -0.078804 0.305026 0.949078 0.000000 0.000000 0.000000 0.000000 1.000000
0.995270 0.065374 0.071862 0.000000 -0.040200 0.950546 -0.307971 0.429300 -0.088441 0.303625 0.948678 0.000000 0.000000 0.000000 0.000000 1.000000
0.995226 0.067356 0.070635 -0.000000 -0.043379 0.953553 -0.298085 0.429300 -0.087432 0.293598 0.951922 -0.000000 0.000000 0.000000 0.000000 1.000000
0.995642 0.074151 0.056554 0.000000 -0.054641 0.955289 -0.290582 0.429300 -0.075572 0.286226 0.955177 0.000000 0.000000 0.000000 0.000000 1.000000
0.995553 0.082116 0.046155 -0.000000 -0.065100 0.953912 -0.292939 0.429300 -0.068083 0.288632 0.955016 0.000000 0.000000 0.000000 0.000000 1.000000
0.996120 0.080389 0.035817 -0.000000 -0.065934 0.951246 -0.301303 0.429300 -0.058292 0.297773 0.952855 0.000000 0.000000 0.000000 0.000000 1.000000
0.997774 0.065320 0.013413 0.000000 -0.057987 0.949242 -0.309156 0.429300 -0.032926 0.307690 0.950917 0.000000 0.000000 0.000000 0.000000 1.000000
0.998917 0.043926 -0.015332 0.000000 -0.046520 0.947795 -0.315469 0.429300 0.000675 0.315841 0.948812 0.000000 0.000000 0.000000 0.000000 1.000000
0.999109 0.017173 -0.038549 -0.000000 -0.028719 0.945998 -0.322898 0.429300 0.030922 0.323718 0.945648 0.000000 0.000000 0.000000 0.000000 1.000000
0.998182 -0.010892 -0.059275 0.000000 -0.009292 0.943964 -0.329917 0.429300 0.059547 0.329868 0.942147 0.000000 0.000000 0.000000 0.000000 1.000000
0.995949 -0.038468 -0.081279 -0.000000 0.009393 0.943437 -0.331418 0.429300 0.089431 0.329312 0.939976 0.000000 0.000000 0.000000 0.000000 1.000000
0.992848 -0.064007 -0.100777 0.000000 0.027285 0.943444 -0.330408 0.429300 0.116226 0.325296 0.938442 0.000000 0.000000 0.000000 0.000000 1.000000
0.989271 -0.090296 -0.114846 0.000000 0.047076 0.941217 -0.334505 0.429300 0.138299 0.325510 0.935370 -0.000000 0.000000 0.000000 0.000000 1.000000
0.985444 -0.106888 -0.132192 -0.000000 0.056449 0.939223 -0.338636 0.429300 0.160354 0.326245 0.931585 -0.000000 0.000000 0.000000 0.000000 1.000000
0.982490 -0.106131 -0.153134 0.000000 0.049810 0.941606 -0.333012 0.429300 0.179535 0.319554 0.930405 0.000000 0.000000 0.000000 0.000000 1.000000
0.980646 -0.105068 -0.165210 -0.000000 0.046023 0.943872 -0.327088 0.429300 0.190304 0.313155 0.930440 0.000000 0.000000 0.000000 0.000000 1.000000
0.979688 -0.110581 -0.167280 -0.000000 0.050870 0.943970 -0.326088 0.429300 0.193967 0.310955 0.930421 -0.000000 0.000000 0.000000 0.000000 1.000000
0.979477 -0.119898 -0.162016 0.000000 0.062010 0.944097 -0.323783 0.429300 0.191780 0.307092 0.932156 0.000000 0.000000 0.000000 0.000000 1.000000
0.980057 -0.134123 -0.146627 0.000000 0.080536 0.942641 -0.323947 0.429300 0.181665 0.305678 0.934644 0.000000 0.000000 0.000000 0.000000 1.000000
0.980009 -0.142730 -0.138601 0.000000 0.091460 0.941882 -0.323254 0.429300 0.176684 0.304115 0.936107 0.000000 0.000000 0.000000 0.000000 1.000000
0.981090 -0.143375 -0.130023 -0.000000 0.094822 0.941674 -0.322892 0.429300 0.168734 0.304457 0.937462 0.000000 0.000000 0.000000 0.000000 1.000000
0.985577 -0.130104 -0.108221 -0.000000 0.088262 0.940809 -0.327244 0.429300 0.144391 0.312972 0.938722 0.000000 0.000000 0.000000 0.000000 1.000000
0.991518 -0.103425 -0.078714 -0.000000 0.071618 0.940147 -0.333157 0.429300 0.108459 0.324694 0.939580 -0.000000 0.000000 0.000000 0.000000 1.000000
0.995814 -0.073886 -0.053815 0.000000 0.051842 0.941417 -0.333236 0.429300 0.075284 0.329051 0.941306 -0.000000 0.000000 0.000000 0.000000 1.000000
0.998069 -0.048632 -0.038642 0.000000 0.033437 0.944923 -0.325579 0.429300 0.052348 0.323658 0.944725 -0.000000 0.000000 0.000000 0.000000 1.000000</float_array>
        <technique_common>
          <accessor source="#Neck-Matrix-animation-output-transform-array" count="32" stride="16">
            <param type="float4x4"/>
          </accessor>
        </technique_common>
      </source>
      <source id="Neck-Interpolations">
        <Name_array id="Neck-Interpolations-array" count="32">
 LINEAR LINEAR LINEAR LINEAR LINEAR LINEAR LINEAR LINEAR LINEAR LINEAR LINEAR
LINEAR LINEAR LINEAR LINEAR LINEAR LINEAR LINEAR LINEAR LINEAR LINEAR LINEAR LINEAR
LINEAR LINEAR LINEAR LINEAR LINEAR LINEAR LINEAR LINEAR LINEAR</Name_array>
        <technique_common>
          <accessor source="#Neck-Interpolations-array" count="32">
            <param type="name"/>
          </accessor>
        </technique_common>
      </source>
      <sampler id="Neck-Matrix-animation-transform">
        <input semantic="INPUT" source="#Neck-Matrix-animation-input"/>
        <input semantic="OUTPUT" source="#Neck-Matrix-animation-output-transform"/>
        <input semantic="INTERPOLATION" source="#Neck-Interpolations"/>
      </sampler>
      <channel source="#Neck-Matrix-animation-transform" target="Neck/matrix"/>
    </animation>
    <animation id="Head-anim" name="Head">
      <source id="Head-Matrix-animation-input">
        <float_array id="Head-Matrix-animation-input-array" count="32">

0.000000 0.033333 0.066667 0.100000 0.133333 0.166667 0.200000 0.233333 0.266667 0.300000 0.333333 0.366667 0.400000 0.433333 0.466667 0.500000
0.533333 0.566667 0.600000 0.633333 0.666667 0.700000 0.733333 0.766667 0.800000 0.833333 0.866667 0.900000 0.933333 0.966667 1.000000 1.033333</float_array>
        <technique_common>
          <accessor source="#Head-Matrix-animation-input-array" count="32">
            <param name="TIME" type="float"/>
          </accessor>
        </technique_common>
      </source>
      <source id="Head-Matrix-animation-output-transform">
        <float_array id="Head-Matrix-animation-output-transform-array" count="512">

0.999296 0.003778 0.037328 0.000000 -0.010021 0.985652 0.168493 0.075400 -0.036155 -0.168748 0.984996 0.000000 0.000000 0.000000 0.000000 1.000000
0.999442 0.005482 0.032961 0.000000 -0.010947 0.985727 0.167993 0.075400 -0.031570 -0.168260 0.985237 0.000000 0.000000 0.000000 0.000000 1.000000
0.999618 0.004298 0.027311 -0.000000 -0.008868 0.985488 0.169514 0.075400 -0.026186 -0.169692 0.985149 -0.000000 0.000000 0.000000 0.000000 1.000000
0.999793 -0.003075 0.020118 0.000000 -0.000412 0.985256 0.171088 0.075400 -0.020348 -0.171061 0.985050 0.000000 0.000000 0.000000 0.000000 1.000000
0.999854 -0.011781 0.012356 0.000000 0.009497 0.985244 0.170894 0.075400 -0.014187 -0.170751 0.985212 0.000000 0.000000 0.000000 0.000000 1.000000
0.999879 -0.014631 0.005365 0.000000 0.013497 0.985161 0.171099 0.075400 -0.007788 -0.171006 0.985239 0.000000 0.000000 0.000000 0.000000 1.000000
0.999919 -0.012706 -0.000825 0.000000 0.012656 0.984687 0.173871 0.075400 -0.001397 -0.173868 0.984768 0.000000 0.000000 0.000000 0.000000 1.000000
0.999943 -0.008833 -0.006023 -0.000000 0.009750 0.984570 0.174719 0.075400 0.004387 -0.174768 0.984600 0.000000 0.000000 0.000000 0.000000 1.000000
0.999964 0.002126 -0.008257 -0.000000 -0.000699 0.985586 0.169175 0.075400 0.008498 -0.169163 0.985551 -0.000000 0.000000 0.000000 0.000000 1.000000
0.999753 0.021387 -0.006092 0.000000 -0.020080 0.985917 0.166024 0.075400 0.009557 -0.165861 0.986103 0.000000 0.000000 0.000000 0.000000 1.000000
0.999485 0.032015 -0.002175 0.000000 -0.031205 0.985506 0.166745 0.075400 0.007482 -0.166592 0.985998 0.000000 0.000000 0.000000 0.000000 1.000000
0.999185 0.040242 0.003035 0.000000 -0.040189 0.985384 0.165538 0.075400 0.003671 -0.165525 0.986199 0.000000 0.000000 0.000000 0.000000 1.000000
0.998918 0.045269 0.010637 0.000000 -0.046404 0.985241 0.164761 0.075400 -0.003021 -0.165076 0.986276 0.000000 0.000000 0.000000 0.000000 1.000000
0.998954 0.041320 0.019597 0.000000 -0.043991 0.985332 0.164880 0.075400 -0.012496 -0.165569 0.986119 0.000000 0.000000 0.000000 0.000000 1.000000
0.999061 0.032607 0.028527 0.000000 -0.036807 0.986127 0.161863 0.075400 -0.022854 -0.162761 0.986401 0.000000 0.000000 0.000000 0.000000 1.000000
0.998956 0.026409 0.037276 -0.000000 -0.031907 0.987303 0.155610 0.075400 -0.032693 -0.156637 0.987115 -0.000000 0.000000 0.000000 0.000000 1.000000
0.998688 0.021812 0.046335 -0.000000 -0.028552 0.988245 0.150190 0.075400 -0.042515 -0.151316 0.987571 0.000000 0.000000 0.000000 0.000000 1.000000
0.998260 0.018931 0.055845 0.000000 -0.027069 0.988498 0.148794 0.075400 -0.052386 -0.150047 0.987290 0.000000 0.000000 0.000000 0.000000 1.000000
0.997663 0.020821 0.065078 0.000000 -0.030457 0.988099 0.150775 0.075400 -0.061164 -0.152404 0.986424 0.000000 0.000000 0.000000 0.000000 1.000000
0.996851 0.028377 0.074042 -0.000000 -0.039542 0.987281 0.153990 0.075400 -0.068731 -0.156433 0.985294 0.000000 0.000000 0.000000 0.000000 1.000000
0.995962 0.035896 0.082284 0.000000 -0.048491 0.986473 0.156590 0.075400 -0.075549 -0.159948 0.984230 -0.000000 0.000000 0.000000 0.000000 1.000000
0.995338 0.038307 0.088513 -0.000000 -0.052214 0.985640 0.160583 0.075400 -0.081090 -0.164456 0.983046 0.000000 0.000000 0.000000 0.000000 1.000000
0.995116 0.035704 0.092031 -0.000000 -0.050682 0.984832 0.165943 0.075400 -0.084710 -0.169797 0.981832 0.000000 0.000000 0.000000 0.000000 1.000000
0.995183 0.029848 0.093383 0.000000 -0.045360 0.984625 0.168686 0.075400 -0.086912 -0.172110 0.981236 0.000000 0.000000 0.000000 0.000000 1.000000
0.995661 0.013268 0.092105 -0.000000 -0.028282 0.986109 0.163673 0.075400 -0.088654 -0.165568 0.982205 0.000000 0.000000 0.000000 0.000000 1.000000
0.996011 0.004127 0.089131 0.000000 -0.018495 0.986784 0.160984 0.075400 -0.087288 -0.161990 0.982924 0.000000 0.000000 0.000000 0.000000 1.000000
0.996543 -0.005273 0.082907 0.000000 -0.008081 0.987096 0.159923 0.075400 -0.082681 -0.160041 0.983642 0.000000 0.000000 0.000000 0.000000 1.000000
0.997252 -0.013837 0.072785 0.000000 0.001830 0.986705 0.162509 0.075400 -0.074066 -0.161929 0.984019 0.000000 0.000000 0.000000 0.000000 1.000000
0.998029 -0.014716 0.061005 0.000000 0.004411 0.986161 0.165729 0.075400 -0.062600 -0.165133 0.984283 0.000000 0.000000 0.000000 0.000000 1.000000
0.998715 -0.009183 0.049848 0.000000 0.000772 0.986093 0.166194 0.075400 -0.050681 -0.165942 0.984832 0.000000 0.000000 0.000000 0.000000 1.000000
0.999143 -0.001988 0.041349 0.000000 -0.004912 0.986093 0.166120 0.075400 -0.041104 -0.166181 0.985238 0.000000 0.000000 0.000000 0.000000 1.000000
0.999296 0.003778 0.037328 0.000000 -0.010021 0.985652 0.168493 0.075400 -0.036155 -0.168748 0.984996 0.000000 0.000000 0.000000 0.000000 1.000000</float_array>
        <technique_common>
          <accessor source="#Head-Matrix-animation-output-transform-array" count="32" stride="16">
